8 8 146 8 146 50 8 50##::영양정되
10 56 142 56 142 94 10 94##::총내용량
147 55 220 61 217 96 145 90##::30g
6 94 69 94 69 132 6 132##::145
76 96 149 94 149 132 77 134##::ko @
28 141 94 141 94 164 28 164##::내용량당
109 142 134 142 134 162 109 162##::1일
135 140 199 138 200 162 136 164##::영양성분
200 141 265 139 265 160 201 162##::기준치에
264 140 297 140 297 160 264 160##::대한
297 138 329 138 329 158 297 158##::비율
9 170 101 170 101 208 9 208##::나트륨
114 174 161 174 161 201 114 201##::110
165 178 209 178 209 206 165 206##::mg
272 171 330 169 331 201 273 203##::6 %
10 214 130 214 130 254 10 254##::탄수화물
149 211 218 222 213 256 144 245##::22호
273 215 330 213 331 246 274 248##::7 %
26 258 90 258 90 297 26 297##::당류
107 256 162 265 156 300 101 291##::2g
274 260 297 260 297 289 274 289##::2
300 258 330 258 330 290 300 290##::%
10 302 77 302 77 342 10 342##::지방
85 303 140 312 135 346 80 337##::6g
262 306 294 306 294 337 262 337##::11
300 305 330 305 330 338 300 338##::%
26 346 178 346 178 386 26 386##::트랜스지방
195 347 247 356 242 390 190 382##::0g
28 392 152 392 152 430 28 430##::포화지방
166 396 209 396 209 428 166 428##::2. 1
209 402 233 402 233 433 209 433##::8
260 396 330 399 329 433 259 429##::14 %
10 436 162 436 162 480 10 480##::콜레스테롤
179 440 257 448 253 483 176 474##::0mg
272 445 329 445 329 478 272 478##::0 %
10 484 104 484 104 525 10 525##::단백질
121 489 169 489 169 526 121 526##::1g
181 488 236 488 236 522 181 522##::미만
273 491 329 493 327 523 272 521##::2 %
9 533 36 533 36 562 9 562##::1일
34 533 98 533 98 565 34 565##::영양성분
96 533 160 533 160 564 96 564##::기준치에
157 533 257 533 257 564 157 564##::대한비율 ( % ) 은
256 537 298 537 298 562 256 562##::2, 000
297 537 329 537 329 562 297 562##::kcal
8 562 82 560 83 589 9 591##::기준이므로
82 561 129 561 129 592 82 592##::개인의
128 562 160 562 160 593 128 593##::필요
157 561 202 561 202 593 157 593##::열량에
200 562 258 562 258 592 200 592##::따라다를
273 562 330 562 330 593 273 593##::있습니다.
