18 87 160 90 159 134 17 130##::영양정보
200 90 229 90 229 125 200 125##::총
236 88 324 88 324 125 236 125##::내용량
329 90 377 90 377 124 329 124##::760
380 90 456 90 456 129 380 129##::g ( 380
457 89 582 84 583 123 459 128##::gX2인분 )
251 128 381 125 381 161 252 164##::1인분 ( 380
384 129 417 129 417 166 384 166##::9 )
424 128 454 128 454 161 424 161##::당
458 125 512 125 512 160 458 160##::553
516 126 582 126 582 160 516 160##::kcal
14 176 106 179 105 219 13 217##::납렵
112 185 185 182 186 220 113 223##::1, 540
190 189 237 189 237 224 190 224##::mg
240 185 274 185 274 217 240 217##::
280 186 309 186 309 217 280 217##::%
326 181 442 180 443 219 326 221##::반수확들
449 184 484 184 484 217 449 217##::76
488 190 508 190 508 222 488 222##::0
513 185 549 185 549 217 513 217##::28
552 186 582 186 582 217 552 217##::%
14 236 76 236 76 274 14 274##::당류
83 233 148 245 141 282 76 269##::140
145 238 182 238 182 272 145 272##::14
184 240 216 240 216 270 184 270##::%
381 236 444 236 444 273 381 273##::지방
448 238 481 238 481 270 448 270##::21
485 242 509 242 509 276 485 276##::0
513 238 549 238 549 272 513 272##::89
553 240 582 240 582 270 553 270##::%
14 290 160 290 160 330 14 330##::특켄스지황
166 289 239 299 234 336 161 326##::0. 30
313 290 433 290 433 329 313 329##::포화지방
438 293 485 293 485 328 438 328##::4. 4
485 297 509 297 509 333 485 333##::0
512 292 549 292 549 328 512 328##::29
553 296 582 296 582 326 553 326##::%
14 349 158 349 158 389 14 389##::톨레스레클
164 352 198 352 198 385 164 385##::11
202 356 312 345 316 384 207 396##::mg4 %
353 348 442 348 442 388 353 388##::반맥절
449 352 484 352 484 385 449 385##::15
485 356 509 356 509 389 485 389##::0
513 352 549 352 549 385 513 385##::27
553 352 582 352 582 384 553 384##::%
16 405 65 405 65 441 16 441##::1일
70 402 205 402 205 442 70 442##::영양성분
210 402 344 402 344 442 210 442##::기준치에
350 402 420 402 420 441 350 441##::대환
426 402 577 402 577 444 426 444##::바읍 ( % ) 은
13 442 87 440 88 474 15 476##::2, 000
92 444 154 444 154 474 92 474##::KON
160 440 310 440 310 477 160 477##::기준이므로
316 438 410 438 410 477 316 477##::개인의
414 437 480 437 480 477 414 477##::필요
485 438 577 438 577 477 485 477##::열량에
16 472 188 474 187 513 15 511##::따라다를수
190 473 320 473 320 513 190 513##::있습니다.
