21 12 156 12 156 54 21 54##::영양정보
221 22 250 22 250 52 221 52##::총
252 21 325 21 325 53 252 53##::내용량
328 22 368 22 368 50 328 50##::280
369 22 436 22 436 56 369 56##::g / 100
436 25 480 25 480 57 436 57##::g당
481 24 521 24 521 50 481 50##::225
524 25 572 25 572 52 524 52##::KCal
16 60 88 60 88 90 16 90##::나름를
92 61 130 61 130 88 92 88##::590
136 65 172 65 172 92 136 92##::mg
174 62 202 62 202 88 174 88##::30
205 64 229 64 229 88 205 88##::%
241 62 336 62 336 92 241 92##::반수화들
337 62 423 65 422 96 336 93##::4. 1 %
438 64 486 64 486 94 438 94##::탕류
491 62 531 70 525 98 485 90##::2이
538 66 553 66 553 89 538 89##::2
557 66 581 66 581 90 557 90##::%
16 93 66 93 66 122 16 122##::지방
69 90 120 98 116 126 65 118##::1 / 0
120 96 146 96 146 121 120 121##::31
152 96 176 96 176 120 152 120##::%
188 94 304 94 304 124 188 124##::특케스지방
308 93 349 101 343 128 303 120##::0
357 96 453 96 453 125 357 125##::포화지방
456 98 473 98 473 122 456 122##::6
474 102 493 102 493 126 474 126##::
496 98 524 98 524 122 496 122##::40
526 98 550 98 550 122 526 122##::%
17 126 133 126 133 154 17 154##::클레스레틀
138 126 166 126 166 152 138 152##::45
170 130 206 130 206 157 170 157##::mg
209 129 237 129 237 154 209 154##::15
240 130 264 130 264 154 240 154##::%
277 128 346 128 346 156 277 156##::단백젤
352 126 402 132 398 158 349 152##::140
402 130 430 130 430 154 402 154##::25
434 132 457 132 457 156 434 156##::%
18 164 56 164 56 194 18 194##::1일
59 164 154 164 154 194 59 194##::영양성분
160 165 252 165 252 194 160 194##::기준치에
256 165 305 165 305 194 256 194##::대한
308 164 416 166 415 197 307 195##::비월 ( % ) 은
418 169 476 169 476 196 418 196##::2, 000
478 169 528 169 528 194 478 194##::koal
18 196 134 196 134 225 18 225##::기준이므로
140 196 210 196 210 226 140 226##::개인의
214 197 262 197 262 226 214 226##::필요
268 197 338 197 338 226 268 226##::열량에
342 197 390 197 390 225 342 225##::따라
394 197 472 197 472 226 394 226##::다를 수
478 197 574 197 574 227 478 227##::있습니다
