242 38 266 38 266 65 242 65##::총
266 37 334 37 334 66 266 66##::내용량
332 37 413 37 413 62 332 62##::930ml
20 52 146 52 146 93 20 93##::영양정보
194 70 248 70 248 101 194 101##::100
249 69 318 69 318 102 249 102##::m2탕
321 69 358 69 358 100 321 100##::36
358 68 413 68 413 97 358 97##::ko @
20 120 57 120 57 140 20 140##::100
58 120 105 120 105 141 58 141##::mL당
308 116 340 116 340 140 308 140##::1일
341 114 413 114 413 140 341 140##::영양성분
261 140 336 140 336 164 261 164##::기준치에
336 140 376 140 376 162 336 162##::대한
376 138 413 138 413 162 376 162##::비율
21 179 99 181 98 213 20 211##::나트륨
188 177 226 177 226 204 188 204##::50
234 181 281 181 281 206 234 206##::mg
357 178 410 176 411 202 358 204##::3 %
22 224 124 224 124 257 22 257##::탄수화물
234 219 283 225 280 252 230 246##::9 이
358 222 410 222 410 248 358 248##::3 %
46 269 100 269 100 301 46 301##::당류
235 261 284 269 280 295 231 288##::8 이
358 268 381 268 381 292 358 292##::8
384 266 410 266 410 292 384 292##::%
22 312 76 312 76 345 22 345##::지방
233 307 283 312 280 340 231 335##::0go
357 312 381 312 381 336 357 336##::0
385 310 412 310 412 336 385 336##::%
48 356 175 354 176 388 49 391##::트랜스지방
234 350 284 355 281 383 231 377##::0
47 399 151 399 151 433 47 433##::포화지방
234 394 285 401 281 428 231 422##::0g
358 397 381 397 381 421 358 421##::0
24 444 152 444 152 477 24 477##::콜레스테롤
206 442 230 442 230 466 206 466##::0
236 445 282 445 282 470 236 470##::mg
360 444 380 444 380 465 360 465##::
25 487 101 487 101 519 25 519##::단백질
234 486 257 486 257 510 234 510##::0
264 492 282 492 282 514 264 514##::9
361 489 381 489 381 510 361 510##::
24 530 54 530 54 554 24 554##::1일
54 530 122 530 122 556 54 556##::영양성분
122 530 193 530 193 556 122 556##::기준치에
193 530 230 530 230 553 193 553##::대한
230 530 368 530 368 554 230 554##::비율 ( % ) 은2, 000
368 529 405 529 405 550 368 550##::kcal
22 553 107 551 108 575 22 578##::기준이므로
108 553 161 553 161 577 108 577##::개인의
161 553 198 553 198 576 161 576##::필요
200 552 252 552 252 577 200 577##::열량에
252 553 326 553 326 576 252 576##::따라다를
326 553 345 553 345 574 326 574##::수
346 550 418 550 418 574 346 574##::있습니다.
