21 24 160 24 160 70 21 70##::영양정보
418 17 444 17 444 46 418 46##::총
448 16 521 16 521 48 448 48##::내용량
524 17 558 17 558 44 524 44##::54
561 24 578 24 578 48 561 48##::9
458 46 516 46 516 78 458 78##::260
520 47 582 47 582 79 520 79##::kcal
21 80 88 80 88 112 21 112##::따름를
92 79 172 86 170 114 90 108##::155mo
172 82 217 82 217 109 172 109##::8 %
217 80 309 80 309 113 217 113##::켠수화들
310 82 362 82 362 113 310 113##::36입
362 82 389 82 389 109 362 109##::11
393 82 420 82 420 109 393 109##::%
421 81 466 81 466 113 421 113##::탕류
469 82 553 82 553 112 469 112##::17. 17
554 82 578 82 578 109 554 109##::%
22 114 69 114 69 145 22 145##::지방
72 116 98 116 98 141 72 141##::111
102 121 121 121 121 145 102 145##::
122 116 156 116 156 142 122 142##::20
157 116 182 116 182 141 157 141##::%
200 114 309 114 309 146 200 146##::특린스지방
312 114 370 116 369 145 311 143##::0. 2
385 114 476 114 476 145 385 145##::포화지방
479 113 520 120 515 147 475 140##::1 /
518 116 549 116 549 141 518 141##::47
553 116 577 116 577 142 553 142##::%
22 146 134 146 134 177 22 177##::콜례스레들
135 147 196 153 194 179 132 173##::2mo
198 150 213 150 213 172 198 172##::요
217 149 242 149 242 173 217 173##::%
254 146 322 146 322 178 254 178##::탄백질
324 147 384 151 382 179 322 175##::35있
382 148 429 148 429 174 382 174##::6 %
24 182 49 182 49 201 24 201##::1일
50 182 110 182 110 202 50 202##::영양성분
109 182 170 182 170 201 109 201##::기준처에
172 182 204 182 204 201 172 201##::매환
204 182 273 182 273 202 204 202##::바울 ( % ) 을
273 184 346 184 346 201 273 201##::2, 000kam
348 182 420 182 420 202 348 202##::기준이민트로
421 184 466 184 466 202 421 202##::개원의
470 184 500 184 500 202 470 202##::필요
502 184 548 184 548 202 502 202##::열량에
548 184 580 184 580 201 548 201##::따라
24 200 54 200 54 218 24 218##::다를
54 200 73 200 73 217 54 217##::수
74 199 138 199 138 218 74 218##::있습니다.
