28 34 170 32 171 76 29 79##::영양정보
300 20 330 20 330 53 300 53##::총
332 17 421 17 421 53 332 53##::내용량
424 17 507 23 504 57 422 51##::600
270 51 353 58 351 89 267 82##::100
357 54 386 54 386 88 357 88##::당
389 56 449 56 449 86 389 86##::215
449 54 505 54 505 86 449 86##::keq
222 97 269 97 269 132 222 132##::1일
274 94 390 94 390 132 274 132##::영양성분
395 93 504 98 502 135 393 130##::기준치에
23 116 139 114 140 149 24 152##::100g당
388 127 503 132 502 168 386 163##::대한비율
24 172 109 172 109 208 24 208##::나트륨
230 173 288 173 288 204 230 204##::430
293 178 337 178 337 206 293 206##::mg
428 173 465 173 465 204 428 204##::22
470 174 501 174 501 205 470 205##::%
25 206 138 206 138 245 25 245##::탄수화물
274 210 316 210 316 241 274 241##::34
318 218 337 218 337 242 318 242##::9
429 210 466 210 466 241 429 241##::10
470 212 500 212 500 242 470 242##::%
44 245 101 245 101 284 44 284##::당류
294 247 340 252 336 281 290 276##::30
445 249 464 249 464 276 445 276##::3
469 248 498 248 498 278 469 278##::%
29 284 89 284 89 318 29 318##::지방
294 283 341 288 337 320 290 314##::60
428 285 465 285 465 313 428 313##::11
469 285 498 285 498 314 469 314##::%
45 320 185 320 185 357 45 357##::트랜스지방
292 320 339 325 336 355 289 349##::0
45 357 157 357 157 392 45 392##::포화지방
266 358 314 358 314 388 266 388##::2. 3
317 364 337 364 337 390 317 390##::9
428 357 465 357 465 388 428 388##::15
469 357 498 357 498 388 469 388##::%
29 391 166 391 166 430 29 430##::콜레스테롤
266 397 288 397 288 424 266 424##::0
293 400 337 400 337 428 293 428##::mg
441 394 465 394 465 422 441 422##::0
469 393 498 393 498 422 469 422##::%
30 428 109 428 109 466 30 466##::단백질
294 431 339 437 336 464 291 459##::60
428 432 462 432 462 458 428 458##::11
470 429 501 429 501 458 470 458##::%
22 472 66 472 66 508 22 508##::1일
72 470 185 470 185 508 72 508##::영양성분
189 470 303 470 303 507 189 507##::기준치에
308 469 368 469 368 506 308 506##::대한
371 471 509 469 509 505 372 507##::비율 ( % ) 은
21 510 40 510 40 538 21 538##::2
45 508 101 508 101 540 45 540##::000
105 510 161 510 161 541 105 541##::kcal
166 508 306 505 307 539 166 542##::기준이므로
312 508 396 504 398 539 313 543##::개인의
402 505 461 505 461 540 402 540##::필요
21 541 45 541 45 577 21 577##::열
44 541 102 541 102 578 44 578##::량에
108 541 166 541 166 578 108 578##::따라
172 541 266 540 267 577 173 579##::다를수
272 540 393 540 393 577 272 577##::있습니다.
