16 25 128 25 128 65 16 65##::영양정년
310 20 334 20 334 48 310 48##::청
336 20 402 20 402 49 336 49##::내용량
404 21 434 21 434 46 404 46##::70
434 21 485 21 485 49 434 49##::8 ( 35
488 26 505 26 505 49 488 49##::8
505 26 520 26 520 42 505 42##::
520 21 585 21 585 48 520 48##::2녕지 )
354 47 443 45 444 73 354 75##::1통지 ( 35
446 48 492 48 492 76 446 76##::영 ) 당
493 48 536 48 536 73 493 73##::186
537 49 585 49 585 73 537 73##::kea
20 77 81 77 81 104 20 104##::나트륨
85 78 129 78 129 102 85 102##::110
130 82 165 82 165 105 130 105##::mg
169 81 185 81 185 102 169 102##::6
188 80 209 80 209 102 188 102##::%
253 76 336 77 335 105 252 103##::탄수화물
338 80 433 80 433 106 338 106##::22g7 %
456 78 500 78 500 108 456 108##::당류
500 79 560 81 559 109 499 107##::989
561 82 584 82 584 105 561 105##::%
20 109 62 109 62 137 20 137##::지방
67 107 118 114 114 140 64 133##::10 %
116 112 146 112 146 136 116 136##::19
148 112 170 112 170 134 148 134##::%
209 109 311 112 310 139 208 136##::트랜스지방
313 113 350 113 350 140 313 140##::08
384 112 466 112 466 140 384 140##::포화지방
470 112 507 115 506 139 469 137##::4. 9
509 120 526 120 526 141 509 141##::8
528 114 558 114 558 138 528 138##::33
561 114 582 114 582 137 561 137##::%
20 140 121 142 121 169 19 167##::콜레스테롤
123 144 219 142 220 169 124 171##::5mg미만
222 146 236 146 236 165 222 165##::1
241 144 264 144 264 168 241 168##::%
282 144 429 144 429 172 282 172##::단백질 2용4 %
20 176 53 176 53 201 20 201##::1일
57 176 137 176 137 202 57 202##::영양성분
141 177 222 177 222 202 141 202##::기준치에
226 177 268 177 268 204 226 204##::대한
272 177 366 177 366 204 272 204##::비율 ( % ) 은
369 180 430 180 430 205 369 205##::2, 000
433 182 477 182 477 204 433 204##::KCal
481 180 581 180 581 205 481 205##::기준이므로
18 201 80 201 80 228 18 228##::개인의
84 202 184 202 184 229 84 229##::필요열량에
188 204 230 204 230 226 188 226##::따라
233 204 274 204 274 229 233 229##::다를
278 204 301 204 301 229 278 229##::수
304 204 393 204 393 230 304 230##::있습니다.
