20 33 160 33 160 80 20 80##::영양정보
192 22 294 22 294 58 192 58##::총내용량
298 24 357 24 357 60 298 60##::458. 0
189 61 269 61 269 98 189 98##::100g령
273 61 306 61 306 94 273 94##::28
308 62 358 62 358 94 308 94##::kail
24 104 84 104 84 134 24 134##::100g당
97 104 128 104 128 134 97 134##::1일
130 102 202 102 202 134 130 134##::영양성분
202 102 278 102 278 133 202 133##::기준치에
278 101 317 101 317 132 278 132##::대한
317 101 356 101 356 132 317 132##::비율
29 140 114 140 114 178 29 178##::나트륨
124 140 218 145 216 182 122 177##::530mg
294 141 354 141 354 176 294 176##::27 %
29 186 144 186 144 228 29 228##::탄수화물
149 190 188 190 188 229 149 229##::7g
310 188 354 188 354 224 310 224##::2 %
57 230 116 230 116 272 57 272##::당류
121 236 160 236 160 274 121 274##::39
310 236 354 236 354 269 310 269##::3 %
28 280 88 280 88 318 28 318##::지방
93 285 130 285 130 321 93 321##::0g
310 280 354 280 354 314 310 314##::0 %
57 320 201 320 201 364 57 364##::트랜스지방
209 329 245 329 245 365 209 365##::0g
57 365 175 366 174 409 56 407##::포화지방
178 373 217 373 217 410 178 410##::0g
310 373 353 373 353 405 310 405##::0 %
30 417 173 417 173 457 30 457##::콜레스테롤
181 420 243 424 240 459 179 455##::0mg
310 420 356 420 356 454 310 454##::0 %
29 465 114 465 114 505 29 505##::단백질
132 469 169 469 169 506 132 506##::0g
310 468 356 468 356 502 310 502##::0 %
21 513 46 513 46 541 21 541##::1일
47 513 109 513 109 544 47 544##::영양성분
107 514 169 514 169 541 107 541##::기준치에
170 514 202 514 202 541 170 541##::대한
202 513 274 513 274 544 202 544##::비율 ( % ) 은
273 514 342 514 342 540 273 540##::2, 000kcal
342 516 358 516 358 537 342 537##::기
21 542 80 542 80 570 21 570##::준이므로
81 544 128 544 128 570 81 570##::개인의
128 544 162 544 162 572 128 572##::필요
162 544 209 544 209 572 162 572##::열량에
210 544 242 544 242 570 210 570##::따라
244 542 276 542 276 573 244 573##::다를
278 545 292 545 292 569 278 569##::수
294 542 357 542 357 570 294 570##::있습니다.
