13 10 144 10 144 74 13 74##::영양정보
169 8 242 8 242 44 169 44##::최용량
241 10 277 10 277 40 241 40##::190
277 12 298 12 298 37 277 37##::m2
209 41 245 41 245 78 209 78##::60
245 41 300 41 300 78 245 78##::ko @
18 88 41 88 41 120 18 120##::총
41 88 125 88 125 122 41 122##::내용량당
209 82 237 82 237 109 209 109##::1일
237 80 297 80 297 110 237 110##::영양성분
170 106 233 106 233 133 170 133##::기준치에
232 106 266 106 266 133 232 133##::대한
265 104 296 104 296 132 265 132##::비율
13 137 90 137 90 181 13 181##::나트륨
92 140 130 140 130 177 92 177##::33
133 148 176 148 176 184 133 184##::mg
244 138 294 138 294 176 244 176##::2 %
14 186 116 186 116 233 14 233##::탄수화물
120 184 181 197 173 237 112 224##::150
244 189 296 189 296 225 244 225##::5 %
24 237 78 237 78 281 24 281##::당류
80 240 138 240 138 282 80 282##::15g
232 240 266 240 266 276 232 276##::15
268 238 294 238 294 274 268 274##::%
15 284 114 289 112 332 13 328##::지방이g
246 288 298 288 298 325 246 325##::0 %
25 333 194 337 193 383 24 379##::트랜스지방여
25 382 171 386 170 432 24 428##::포화지방 0g
246 388 268 388 268 422 246 422##::0
269 388 296 388 296 422 269 422##::%
14 434 137 434 137 481 14 481##::콜레스테롤
141 438 208 446 204 483 136 474##::0mg
246 440 266 440 266 473 246 473##::0
268 437 294 437 294 472 268 472##::%
13 484 89 484 89 530 13 530##::단백질
89 488 136 488 136 530 89 530##::0g
249 489 268 489 268 522 249 522##::0
272 486 297 486 297 521 272 521##::%
9 536 33 536 33 562 9 562##::1일
32 536 86 536 86 565 32 565##::영양성분
84 537 138 537 138 562 84 562##::기준치에
137 537 168 537 168 562 137 562##::대한
165 537 221 537 221 562 165 562##::비, 율 ( % )
217 538 232 538 232 562 217 562##::은
230 536 270 536 270 561 230 561##::2, 000
269 536 300 536 300 560 269 560##::kail
8 560 72 560 72 586 8 586##::기준이므로
70 562 112 562 112 589 70 589##::개인의
112 562 140 562 140 590 112 590##::필요
142 566 178 566 178 592 142 592##::업해
178 562 208 562 208 588 178 588##::따라
206 562 233 562 233 589 206 589##::다를
249 560 302 560 302 590 249 590##::있습니다.
