76 14 202 14 202 58 76 58##::영양정보
77 61 177 61 177 93 77 93##::총내용량
180 62 229 62 229 92 180 92##::306
230 62 284 62 284 94 230 94##::8 ( 17
285 66 326 66 326 94 285 94##::8x
329 62 413 62 413 93 329 93##::18봉지 )
77 93 170 93 170 125 77 125##::1봉지 ( 17
172 94 222 94 222 126 172 126##::잉 ) 당
224 93 258 93 258 121 224 121##::84
261 94 313 94 313 121 261 121##::kcal
74 134 154 134 154 162 74 162##::1봉지 당
252 134 286 134 286 161 252 161##::1일
290 133 374 133 374 164 290 164##::영양성분
408 146 454 146 454 173 408 173##::100
457 146 498 146 498 178 457 178##::용당
198 160 282 160 282 186 198 186##::기준치에
286 160 330 160 330 185 286 185##::대한
332 158 373 158 373 186 332 186##::비율
74 196 144 196 144 226 74 226##::나트륨
148 196 193 196 193 222 148 222##::100
197 201 236 201 236 226 197 226##::mg
328 198 345 198 345 222 328 222##::5
348 197 373 197 373 222 348 222##::%
384 196 498 196 498 228 384 228##::600mg30
501 198 524 198 524 222 501 222##::%
76 238 169 238 169 269 76 269##::탄수화물
172 241 200 241 200 266 172 266##::11
205 245 224 245 224 270 205 270##::8
326 241 346 241 346 266 326 266##::3
346 240 376 240 376 266 346 266##::%
375 237 439 242 436 271 373 266##::658
466 240 500 240 500 266 466 266##::20
498 240 524 240 524 265 498 265##::%
92 282 140 282 140 313 92 313##::당류
142 281 185 287 181 315 138 309##::2용
326 282 376 282 376 309 326 309##::2 %
386 280 439 287 435 316 382 309##::10g
468 282 500 282 500 310 468 310##::10
498 284 524 284 524 309 498 309##::%
74 325 122 325 122 356 74 356##::지방
124 326 158 326 158 353 124 353##::4. 1
165 332 182 332 182 357 165 357##::8
325 326 373 326 373 353 325 353##::8 %
385 323 440 329 436 359 381 352##::248
465 326 524 326 524 353 465 353##::44 %
92 368 206 368 206 400 92 400##::트랜스지방
208 369 246 369 246 397 208 397##::0. 5
248 370 311 368 312 399 249 401##::용미만
384 369 422 369 422 397 384 397##::0. 5
426 376 442 376 442 401 426 401##::8
92 412 184 412 184 442 92 442##::포화지방
185 413 224 413 224 442 185 442##::28
313 413 344 413 344 440 313 440##::13
348 413 373 413 373 438 348 438##::%
386 410 438 416 435 445 382 439##::12g
465 413 500 413 500 440 465 440##::80
498 414 524 414 524 440 498 440##::%
74 454 188 454 188 485 74 485##::콜레스테롤
188 458 209 458 209 482 188 482##::0
210 460 248 460 248 486 210 486##::mg
326 458 345 458 345 482 326 482##::0
346 457 372 457 372 482 346 482##::%
384 457 404 457 404 482 384 482##::0
405 458 446 461 444 488 403 485##::mg
480 457 524 457 524 484 480 484##::0 %
74 497 144 497 144 528 74 528##::단백질
148 502 161 502 161 524 148 524##::1
168 498 229 498 229 530 168 530##::용미만
325 495 425 501 423 531 323 525##::2 %
480 500 524 500 524 526 480 526##::9 %
77 540 104 540 104 560 77 560##::1일
104 538 166 538 166 561 104 561##::영양성분
169 540 230 540 230 560 169 560##::기준치에
233 540 265 540 265 560 233 560##::대한
266 540 338 540 338 561 266 561##::비율 ( % ) 은
341 541 385 541 385 561 341 561##::2, 000
388 542 422 542 422 561 388 561##::KCal
424 541 500 541 500 562 424 562##::기준이므로
76 561 122 561 122 581 76 581##::개인의
125 561 157 561 157 581 125 581##::필요
160 561 206 561 206 582 160 582##::열량에
208 562 294 562 294 582 208 582##::따라 다를수
297 562 362 562 362 582 297 582##::있습니다.
