17 24 134 24 134 65 17 65##::영양정보
310 18 334 18 334 45 310 45##::총
336 17 404 17 404 48 336 48##::내용량
405 18 434 18 434 44 405 44##::64
436 18 488 18 488 48 436 48##::8 ( 32
488 21 586 17 587 45 489 49##::8x2봉지 )
355 46 446 44 447 71 356 74##::1봉지 ( 32
449 46 493 46 493 74 449 74##::임 ) 당
497 46 540 46 540 72 497 72##::164
541 48 588 48 588 72 541 72##::kcal
22 78 85 78 85 106 22 106##::나트륨
90 80 133 80 133 104 90 104##::190
137 82 173 82 173 108 137 108##::mg
177 80 208 80 208 104 177 104##::10
210 81 233 81 233 104 210 104##::%
251 78 337 78 337 108 251 108##::탄수화물
338 80 368 80 368 104 338 104##::21
369 82 434 76 437 103 372 109##::86 %
455 78 559 78 559 108 455 108##::당류3항3
561 80 584 80 584 104 561 104##::%
21 111 108 114 107 141 20 139##::지방8g
109 113 141 113 141 138 109 138##::15
142 113 166 113 166 137 142 137##::%
205 112 310 112 310 140 205 140##::트랜스지방
314 111 353 117 349 143 310 137##::08
384 112 466 112 466 140 384 140##::포화지방
470 114 506 114 506 138 470 138##::3. 7
509 118 526 118 526 141 509 141##::8
528 113 558 113 558 137 528 137##::25
562 114 584 114 584 137 562 137##::%
22 145 128 145 128 173 22 173##::콜레스테롤
132 148 150 148 150 170 132 170##::0
152 149 189 149 189 174 152 174##::mg
192 148 236 148 236 170 192 170##::0 %
249 145 314 145 314 173 249 173##::단백질
314 146 374 144 375 172 315 174##::284
376 146 398 146 398 169 376 169##::%
22 181 56 181 56 206 22 206##::1일
60 180 140 180 140 208 60 208##::영양성분
145 181 226 181 226 206 145 206##::기준치에
230 180 272 180 272 205 230 205##::대한
274 180 369 180 369 206 274 206##::비율 ( % ) 은
373 181 432 181 432 205 373 205##::2, 000
434 184 478 184 478 204 434 204##::kcal
481 180 580 180 580 205 481 205##::기준이므로
21 206 82 206 82 232 21 232##::개인의
86 206 188 206 188 232 86 232##::필요열량에
192 206 233 206 233 230 192 230##::따라
237 206 278 206 278 230 237 230##::다를
281 206 304 206 304 232 281 232##::수
309 205 394 205 394 232 309 232##::있습니다.
