23 31 23 84 157 31 157 84##::영양정보
191 17 191 59 352 17 352 59##::총 내용량 835 mL
189 60 189 97 352 60 352 97##::100 mL당 172 kcal
34 119 34 161 144 119 144 161##::100 mL당
238 100 238 138 353 100 353 138##::1일 영양성분
183 139 183 176 352 139 352 176##::기준치에 대한 비율
29 182 29 222 194 182 194 222##::나트륨 127 mg
293 178 293 216 354 178 354 216##::6 %
30 222 30 268 194 222 194 268##::탄수화물 42g
285 224 285 260 354 224 354 260##::13 %
41 263 41 308 165 263 165 308##::당류 27 g
284 263 284 304 357 263 357 304##::27 %
31 307 31 347 133 307 133 347##::지방 0 g
291 302 291 339 356 302 356 339##::0 %
53 348 53 391 226 348 226 391##::트랜스지방 0 g
50 391 50 437 205 391 205 437##::포화지방 0 g
293 393 293 429 355 393 355 429##::0 %
32 435 32 474 223 435 223 474##::콜레스테롤 0 mg
293 435 293 471 357 435 357 471##::0 %
31 475 31 513 159 475 159 513##::단백질 0 g
295 476 295 512 354 476 354 512##::1 %
24 512 24 553 357 512 357 553##::1일 영양성분 기준치에 대한 비율(%)은 2,000 kcal
23 553 23 584 360 553 360 584##::기준이므로 개인의 필요 열량에 따라 다를 수 있습니다.
