24 32 24 89 177 32 177 89##::영양정보
227 29 227 66 430 29 430 66##::총 내용량 1,000 g
210 65 210 102 432 65 432 102##::100 g 당 280 kal
34 119 34 156 137 119 137 156##::100 g당
322 117 322 140 426 117 426 140##::1일 영양성분
278 139 278 163 422 139 422 163##::기준치에 대한 비율
30 165 30 205 296 165 296 205##::나트륨 505 mg
348 174 348 206 420 174 420 206##::25 %
30 207 30 248 291 207 291 248##::탄수화물 33 g
353 216 353 247 418 216 418 247##::10 %
62 250 62 289 294 250 294 289##::당류 1 g
363 253 363 293 422 253 422 293##::1 %
27 291 27 330 289 291 289 330##::지방 11.4 g
350 291 350 331 418 291 418 331##::21 %
45 337 45 376 343 337 343 376##::트랜스지방 0.5 g미만
43 377 43 417 289 377 289 417##::포화지방 3.6 g
349 375 349 415 421 375 421 415##::24 %
28 422 28 458 294 422 294 458##::콜레스테롤 7.1 mg
364 418 364 457 422 418 422 457##::2 %
28 462 28 504 289 462 289 504##::단백질 11g
350 465 350 499 420 465 420 499##::20 %
24 522 24 549 428 522 428 549##::1일 영양성분 기준치에 대한 비율(%)은 2,000 kcal
25 550 25 577 425 550 425 577##::기준이므로 개인의 필요 열량에 따라 다를 수 있습니다.
