143 8 143 86 210 8 210 86##::영양정보
269 9 269 52 461 9 461 52##::총 내용량 81 g
345 50 345 87 458 50 458 87##::417 kcal
146 95 146 134 278 95 278 134##::총 내용량당
343 101 343 128 457 101 457 128##::1일 영양성분
282 129 282 161 455 129 455 161##::기준치에 대한 비율
155 168 155 206 451 168 451 206##::나트륨 390 mg 20 %
154 211 154 254 453 211 453 254##::탄수화물 53 g 16 %
177 255 177 303 453 255 453 303##::당류 22 g 22 %
149 298 149 346 457 298 457 346##::지방 21 g 39 %
175 350 175 390 389 350 389 390##::트랜스지방 0 g
176 388 176 433 457 388 457 433##::포화지방 9 g 60 %
153 431 153 474 462 431 462 474##:: 콜레스테롤 0 mg 0 %
153 474 153 518 457 474 457 518##::단백질 4 g 7 %
146 520 146 550 446 520 446 550##:: 1일 영양성분 기준치에 대한 비율(%)운
148 540 148 565 464 540 464 565##::2,000 kcal 기준이므로 개인의 필요 열량에
146 565 146 586 326 565 326 586##::따라 다를 수 있습니다.
