9 8 9 50 149 8 149 50##::영양정보
11 56 11 95 218 56 218 95##::총 내용량 30 g
10 95 10 135 151 95 151 135##::145 kcal
10 141 10 163 93 141 93 163##::총 내용량당
111 140 111 162 330 140 330 162##::1일 영양성분 기준치에 대한 비율
11 172 11 208 213 172 213 208##::나트륨 110 mg
273 169 273 204 328 169 328 204##::6 %
9 215 9 251 216 215 216 251##::탄수화물 22 g
275 214 275 247 327 214 327 247##::7 %
28 259 28 297 157 259 157 297##::당류 2 g
273 258 273 293 330 258 330 293##::2 %
11 304 11 341 136 304 136 341##::지방 6 g
261 304 261 338 329 304 329 338##::11 %
29 350 29 387 243 350 243 387##::트랜스지방 0 g
30 393 30 434 233 393 233 434##::포화지방 2.1 g
262 396 262 433 329 396 329 433##::14 %
13 437 13 482 257 437 257 482##::콜레스테롤 0 mg
272 442 272 480 332 442 332 480##::0 %
10 484 10 526 238 484 238 526##::단백질 1 g 미만
274 488 274 526 330 488 330 526##::2 &
9 533 9 564 330 533 330 564##::1일 영양성분 기준치에 대한 비율(%)은 2,000 kcal
14 563 14 593 331 563 331 593##::기준이므로 개인의 필요 열량에 따라 다를 수 있습니다.
