21 55 21 92 149 55 149 92##::영양정보
245 38 245 65 414 38 414 65##::총 내용량 930 mL
198 69 198 101 415 69 415 101##::100 mL당 36 kcal
20 119 20 141 106 119 106 141##::100 mL당
311 117 311 138 415 117 415 138##::1일 영양성분
263 140 263 162 415 140 415 162##::기준치에 대한 비율
21 179 21 212 99 179 99 212##::나트륨
188 178 188 209 281 178 281 209##::50 mg
360 178 360 204 412 178 412 204##::3 %
22 222 22 256 124 222 124 256##::탄수화물
231 222 231 252 284 222 284 252##::9 g
359 221 359 248 411 221 411 248##::3 %
47 266 47 300 99 266 99 300##::당류
235 264 235 298 282 264 282 298##::8 g
360 266 360 294 412 266 412 294##::8 %
21 312 21 344 76 312 76 344##::지방
233 310 233 340 283 310 283 340##::0 g
358 310 358 338 413 310 413 338##::0 %
48 356 48 387 176 356 176 387##::트랜스지방
234 353 234 383 283 353 283 383##::0 g
49 397 49 431 151 397 151 431##::포화지방
234 397 234 427 283 397 283 427##::0 g
358 396 358 425 413 396 413 425##::0 %
24 444 24 475 152 444 152 475##::콜레스테롤
207 442 207 472 283 442 283 472##::0 mg
359 441 359 469 412 441 412 469##::0 %
24 487 24 521 102 487 102 521##::단백질
235 487 235 515 285 487 285 515##::0 g
358 485 358 512 413 485 413 512##::0 %
27 530 27 553 406 530 406 553##::1일 영양성분 기준치에 대한 비율(%)은 2,000 kcal
27 552 27 575 419 552 419 575##::기준이므로 개인의 필요 열량에 따라 다를 수 있습니다.
