23 27 23 68 160 27 160 68##::영양정보
420 17 420 48 581 17 581 48##::총 내용량 54 g
460 48 460 77 580 48 580 77##::260 kcal
22 82 22 111 215 82 215 111##::나트륨 155 mg 8 %
222 82 222 112 417 82 417 112##::탄수화물 36 g 11 %
423 83 423 111 579 83 579 111##::당류 17 g 17 %
23 116 23 144 182 116 182 144##::지방 11 g 20 %
201 116 201 145 370 116 370 145##::트랜스지방 0.2 g
387 115 387 145 578 115 578 145##::포화지방 7 g 47 %
24 149 24 178 242 149 242 178##::콜레스테롤 2 mg 1 %
255 149 255 178 431 149 431 178##::단백질 3.5 g 6%
24 184 24 201 578 184 578 201##::1일 영양성분 기준치에 대한 비율(%)은 2,000kcal 기준이므로 개인의 필요 열량에 따라
24 202 24 219 136 202 136 219##::다를 수 있습니다.
