32 34 32 78 172 34 172 78##::영양정보
301 17 301 56 505 17 505 56##::총 내용량 600 g
272 54 272 89 506 54 506 89##::100 g 당 215 kcal
25 114 25 149 142 114 142 149##::100 g 당
226 98 226 134 502 98 502 134##::1일 영양성분 기준치에
390 131 390 167 502 131 502 167##::대한 비율
23 172 23 206 110 172 110 206##::나트륨
230 172 230 206 340 172 340 206##::430 mg
429 173 429 206 500 173 500 206##::22 %
27 211 27 244 138 211 138 244##::탄수화물
276 211 276 243 338 211 338 243##::34 g
432 210 432 243 498 210 498 243##::10 %
43 247 43 283 102 247 102 283##::당류
293 248 293 282 339 248 339 282##::3 g
446 247 446 279 498 247 498 279##::3 %
29 286 29 318 86 286 86 318##::지방
293 286 293 317 339 286 339 317##::6 g
429 284 429 315 500 284 500 315##::11 %
43 319 43 353 188 319 188 353##::트랜스지방
292 321 292 354 339 321 339 354##::0 g
43 359 43 390 158 359 158 390##::포화지방
267 358 267 391 338 358 338 391##::2.3 g
428 357 428 389 500 357 500 389##::15 %
29 394 29 427 168 394 168 427##::콜레스테롤
265 395 265 427 339 395 339 427##::0 mg
444 394 444 423 500 394 500 423##::0 %
31 431 31 465 111 431 111 465##::단백질
293 431 293 464 339 431 339 464##::6 g
430 430 430 460 501 430 501 460##::11 %
25 471 25 506 509 471 509 506##::1일 영양성분 기준치에 대한 비율(%)은
19 507 19 541 461 507 461 541##::2,000 kcal 기준이므로 개인의 필요
21 540 21 576 390 540 390 576##::열량에 따라 다를 수 있습니다.
