22 36 22 79 161 36 161 79##::영양정보
194 23 194 60 356 23 356 60##::총 내용량 453g
192 63 192 96 356 63 356 96##::100g당 28 kcal
26 104 26 133 82 104 82 133##::100g당
100 104 100 132 353 104 353 132##::1일 영양성분 기준치에 대한 비율
30 140 30 180 217 140 217 180##::나트륨 530mg
295 140 295 176 353 140 353 176##::27%
31 188 31 228 188 188 188 228##::탄수화물 7g
311 187 311 222 353 187 353 222##::2%
59 234 59 272 160 234 160 272##::당류 3g
311 233 311 270 353 233 353 270##::3%
31 280 31 322 131 280 131 322##::지방 0g
310 280 310 315 355 280 355 315##::0%
59 326 59 365 246 326 246 365##::트랜스지방 0g
60 372 60 411 217 372 217 411##::포화지방 0g
313 372 313 408 355 372 355 408##::0%
31 418 31 459 242 418 242 459##::콜레스테롤 0mg
313 419 313 454 355 419 355 454##::0%
31 467 31 507 168 467 168 507##::단백질 0g
312 465 312 504 355 465 355 504##::0%
24 515 24 543 359 515 359 543##::1일 영양성분 기준치에 대한 비율(%)은 2,000kcal 기
24 544 24 569 359 544 359 569##::준이므로 개인의 필요 열량에 따라 다를 수 있습니다.
