17 15 17 73 145 15 145 73##::영양정보
172 11 172 42 298 11 298 42##::총 내용량 190ml
212 43 212 78 297 43 297 78##::60 kcal
19 88 19 121 123 88 123 121##::총 내용량당
212 83 212 108 297 83 297 108##::1일 영양성분
173 107 173 132 297 107 297 132##::기준치에 대한 비율
16 137 16 184 175 137 175 184##::나트륨 33 mg
244 140 244 176 294 140 294 176##::2 %
17 187 17 233 177 187 177 233##::탄수화물 15 g
245 189 245 226 294 189 294 226##::5 %
27 237 27 283 139 237 139 283##::당류 15 g
233 239 233 276 296 239 296 276##::15 %
14 287 14 333 111 287 111 333##::지방 0 g
246 287 246 326 297 287 297 326##::0 %
26 337 26 383 193 337 193 383##::트랜스지방 0 g
26 387 26 433 170 387 170 433##::포화지방 0 g
245 387 245 426 298 387 298 426##::0 %
16 437 16 481 206 437 206 481##::콜레스테롤 0 mg
244 438 244 475 294 438 294 475##::0 %
15 485 15 530 136 485 136 530##::단백질 0 g
248 486 248 525 301 486 301 525##::0 %
10 537 10 563 299 537 299 563##::1일 영양성분 기준치에 대한 비율(%)은 2,000 kcal
11 564 11 587 303 564 303 587##::기준이므로 개인의 필요 열량에 따라 다를 수 있습니다.
