77 17 77 57 203 17 203 57##::영양정보
77 62 77 95 412 62 412 95##::총 내용량 306 g(17 g x 18봉지)
78 94 78 126 313 94 313 126##::1봉지(17 g)당 84 kcal
77 135 77 162 155 135 155 162##::1봉지 당
253 135 253 162 374 135 374 162##::1일 영양성분
200 160 200 188 374 160 374 188##::기준치에 대한 비율
409 147 409 176 498 147 498 176##::100 g당
75 197 75 227 235 197 235 227##::나트륨 100 mg
325 195 325 226 374 195 374 226##::5 %
386 195 386 228 524 195 524 228##::600mg30%
75 239 75 271 224 239 224 271##::탄수화물 11 g
325 239 325 270 374 239 374 270##::3 %
386 239 386 271 435 239 435 271##::65 g
467 240 467 269 524 240 524 269##::20 %
92 283 92 314 181 283 181 314##::당류 2 g
326 282 326 313 373 282 373 313##::2 %
386 284 386 315 436 284 436 315##::10 g
470 283 470 312 524 283 524 312##::10 %
75 326 75 358 182 326 182 358##::지방 4.1 g
327 326 327 355 371 326 371 355##::8 %
386 326 386 357 435 326 435 357##::24 g
466 324 466 355 522 324 522 355##::44 %
92 366 92 400 310 366 310 400##::트랜스지방 0.5 g미만
386 368 386 401 442 368 442 401##::0.5 g
92 410 92 444 223 410 223 444##::포화지방 2 g
313 412 313 443 373 412 373 443##::13 %
386 412 386 444 437 412 437 444##::12 g
465 413 465 442 522 413 522 442##::80 %
74 455 74 487 249 455 249 487##::콜레스테롤0 mg
324 454 324 485 371 454 371 485##::0 %
384 456 384 487 444 456 444 487##::0 mg
481 457 481 487 522 457 522 487##::0 %
73 496 73 528 230 496 230 528##::단백질 1 g미만
322 497 322 528 371 497 371 528##::2 %
385 498 385 531 422 498 422 531##::5 g
480 499 480 528 523 499 523 528##::9 %
78 540 78 561 501 540 501 561##::1일 영양성분 기준치에 대한 비율(%)은 2,000 kcal 기준이므로
76 562 76 581 362 562 362 581##::개인의 필요 열량에 따라 다를 수 있습니다.
