13 5 221 5 221 92 13 92##::영양정보
410 4 440 4 440 41 410 41##::청
445 1 522 1 522 42 445 42##::내용콩
525 8 569 8 569 41 525 41##::325
572 17 588 17 588 44 572 44##::
322 58 376 58 376 93 322 93##::100
377 65 401 65 401 96 377 96##::
406 58 437 58 437 94 406 94##::량
450 48 516 48 516 94 450 94##::105
521 50 589 50 589 94 521 94##::koal
13 109 78 109 78 164 13 164##::나트륨
93 112 160 112 160 162 93 162##::3, 340
164 122 204 122 204 166 164 166##::mg
216 114 284 114 284 162 216 162##::167 %
359 109 462 109 462 166 359 166##::탄수화물
481 117 506 117 506 160 481 160##::21
509 128 526 128 526 166 509 166##::0
545 117 578 117 578 162 545 162##::6 %
12 176 60 176 60 232 12 232##::당류
72 178 114 178 114 233 72 233##::39
125 182 142 182 142 225 125 225##::3
173 181 198 181 198 226 173 226##::%
361 178 417 178 417 233 361 233##::지방
434 182 500 182 500 236 434 236##::0. 8g
508 184 541 184 541 228 508 228##::19 %
10 242 121 242 121 298 10 298##::트랜스지방
138 248 182 248 182 300 138 300##::09
353 242 456 245 455 301 352 299##::포화지방
473 249 513 249 513 297 473 297##::0. 3
513 261 530 261 530 300 513 300##::0
541 250 574 250 574 294 541 294##::29 %
12 308 121 308 121 365 12 365##::콜레스테롤
140 314 173 314 173 361 140 361##::30
178 324 217 324 217 369 178 369##::m9
229 314 284 314 284 364 229 364##::10 %
349 312 430 312 430 370 349 370##::단백질
445 316 490 316 490 369 445 369##::49
498 316 536 316 536 361 498 361##::7 %
6 381 20 381 20 409 6 409##::일
20 380 69 380 69 414 20 414##::영양성분
67 379 122 382 120 415 65 412##::기준치에
118 382 150 382 150 416 118 416##::대한
149 381 214 381 214 417 149 417##::비율 ( 없 ) 은
213 385 281 385 281 414 213 414##::2, 000kca
281 385 354 383 355 415 282 418##::기준이므로
356 385 401 385 401 418 356 418##::개인의
400 385 473 385 473 418 400 418##::필요 열량에
472 382 529 382 529 418 472 418##::따라다를
526 382 588 382 588 417 526 417##::수있습니다.
