32 45 158 45 158 85 32 85##::영양정보
253 33 422 33 422 61 253 61##::총내용량 930m2
205 65 257 65 257 96 205 96##::100
260 65 329 65 329 98 260 98##::m2탕
330 65 422 65 422 94 330 94##::36kail
32 113 68 113 68 133 32 133##::100
69 113 116 113 116 136 69 136##::mL당
317 112 349 112 349 136 317 136##::1일
350 112 422 112 422 136 350 136##::영양성분
270 136 345 136 345 160 270 160##::기준치에
345 136 422 136 422 160 345 160##::대한 비율
32 173 109 173 109 205 32 205##::나트륨
197 172 236 172 236 197 197 197##::50
242 176 289 176 289 202 242 202##::mg
366 174 418 174 418 200 366 200##::3 %
33 215 135 217 134 251 32 250##::탄수화물
242 213 291 221 288 247 238 240##::9이
366 218 418 218 418 244 366 244##::3 %
56 261 109 261 109 293 56 293##::당류
244 256 292 264 288 290 239 282##::8이
366 264 389 264 389 288 366 288##::8
392 262 418 262 418 288 392 288##::%
32 304 86 304 86 337 32 337##::지방
242 303 291 308 288 333 239 328##::0이
364 308 386 308 386 332 364 332##::0
393 308 418 308 418 332 393 332##::%
58 347 184 349 183 382 58 379##::트랜스지방
242 344 291 351 288 378 238 370##::0이
57 392 158 392 158 425 57 425##::포화지방
241 388 291 394 288 420 238 415##::0이
364 392 386 392 386 416 364 416##::0
393 393 417 393 417 417 393 417##::%
32 434 160 434 160 468 32 468##::콜레스테롤
214 434 237 434 237 460 214 460##::0
242 438 289 438 289 464 242 464##::mg
365 438 385 438 385 461 365 461##::
393 436 417 436 417 461 393 461##::%
33 478 108 478 108 510 33 510##::단백질
241 476 291 483 288 510 237 502##::0이
366 482 385 482 385 504 366 504##::
392 480 417 480 417 505 392 505##::%
32 521 61 521 61 544 32 544##::1일
61 521 129 521 129 546 61 546##::영양성분
129 522 198 522 198 546 129 546##::기준치에
200 524 373 524 373 548 200 548##::대한비울 ( % ) 은 2, 000
373 524 409 524 409 544 373 544##::kcal
30 542 114 542 114 566 30 566##::기준이므로
114 545 168 545 168 568 114 568##::개인의
168 545 204 545 204 569 168 569##::필요
206 545 257 545 257 569 206 569##::열량에
258 548 296 548 296 568 258 568##::따라
294 546 330 546 330 568 294 568##::다를
332 546 350 546 350 569 332 569##::수
350 544 425 544 425 569 350 569##::있습니다.
