81 49 194 49 194 81 81 81##::영양정보
373 38 510 40 510 62 373 61##::총내용령907
362 70 412 70 412 92 362 92##::100g
417 69 438 69 438 90 417 90##::당
444 70 521 70 521 90 444 90##::395koal
78 118 121 118 121 141 78 141##::100
146 118 169 118 169 142 146 142##::당
410 110 440 110 440 129 410 129##::1일
445 110 517 110 517 130 445 130##::영양성분
124 124 142 124 142 144 124 144##::9
361 136 434 136 434 154 361 154##::기준치에
441 136 477 136 477 154 441 154##::대한
481 136 517 136 517 154 481 154##::비율
80 173 146 173 146 198 80 198##::나트륨
270 178 297 178 297 198 270 198##::35
302 182 333 182 333 200 302 200##::mg
472 177 489 177 489 197 472 197##::2
492 176 514 176 514 197 492 197##::%
80 218 169 218 169 245 80 245##::탄수화물
289 224 314 224 314 244 289 244##::99
318 228 332 228 332 244 318 244##::
460 222 486 222 486 242 460 242##::31
492 221 514 221 514 242 492 242##::%
80 264 124 264 124 289 80 289##::당류
288 266 334 269 333 289 287 287##::96g
460 266 489 266 489 286 460 286##::96
492 265 514 265 514 286 492 286##::%
78 308 125 308 125 333 78 333##::지방
300 311 334 313 333 334 298 331##::0g
472 312 489 312 489 330 472 330##::0
493 310 514 310 514 330 493 330##::%
80 350 192 350 192 376 80 376##::트랜스지방
300 356 333 356 333 377 300 377##::0g
78 397 170 397 170 424 78 424##::포화지방
300 402 333 402 333 424 300 424##::0g
472 402 489 402 489 421 472 421##::0
493 401 514 401 514 421 493 421##::%
78 440 192 440 192 465 78 465##::콜레스테롤
282 445 298 445 298 464 282 464##::0
301 446 334 449 332 467 300 464##::mg
472 444 489 444 489 464 472 464##::0
493 444 514 444 514 464 493 464##::%
80 484 146 484 146 510 80 510##::단백질
300 488 334 491 333 511 298 508##::0g
472 489 489 489 489 508 472 508##::0
493 488 514 488 514 508 493 508##::%
80 525 104 525 104 540 80 540##::1일
113 524 180 524 180 542 113 542##::영양성분
184 524 252 524 252 542 184 542##::기준치에
258 524 292 524 292 541 258 541##::대한
297 524 376 524 376 542 297 542##::비율 ( % ) 은
382 525 429 525 429 540 382 540##::2, 000
434 526 469 526 469 540 434 540##::kcal
80 549 162 549 162 568 80 568##::기준이므로
168 549 218 549 218 566 168 566##::개인의
225 550 258 550 258 568 225 568##::필요
264 549 314 549 314 568 264 568##::열량에
321 549 356 549 356 566 321 566##::따라
360 549 396 549 396 566 360 566##::다를
398 549 416 549 416 565 398 565##::수
424 549 494 549 494 568 424 568##::있습니다.
