24 13 153 13 153 82 24 82##::영양정보
178 17 249 17 249 50 178 50##::총내용량
249 18 284 18 284 45 249 45##::190
284 20 308 20 308 45 284 45##::m2
217 50 252 50 252 86 217 86##::65
253 49 306 49 306 86 253 86##::kol
30 93 50 93 50 124 30 124##::총
52 93 133 93 133 126 52 126##::나용량당
213 89 240 89 240 116 213 116##::1일
241 87 303 87 303 115 241 115##::영양성분
172 112 236 112 236 138 172 138##::기준치에
236 113 270 113 270 140 236 140##::대한
270 112 302 112 302 138 270 138##::비율
23 141 98 141 98 185 23 185##::나트륨
100 145 138 145 138 181 100 181##::24
141 153 182 153 182 189 141 189##::mg
253 150 269 150 269 181 253 181##::1
273 148 300 148 300 181 273 181##::%
24 188 123 190 122 235 23 232##::탄수화물
125 196 182 196 182 237 125 237##::16g
250 197 270 197 270 229 250 229##::5
273 196 300 196 300 230 273 230##::%
34 238 86 238 86 284 34 284##::당류
91 238 151 250 144 287 84 276##::150
237 245 272 245 272 280 237 280##::15
273 244 300 244 300 280 273 280##::%
23 284 121 289 119 332 21 327##::지방여g
252 293 274 293 274 326 252 326##::0
276 293 301 293 301 328 276 328##::%
34 332 201 337 199 383 33 377##::트랜스지방여
33 381 177 387 175 431 32 426##::포화지방여
250 389 301 389 301 425 250 425##::0 %
22 431 143 433 142 477 22 475##::콜레스테롤
146 436 214 446 209 482 141 471##::0mg
250 441 270 441 270 472 250 472##::0
273 437 298 437 298 473 273 473##::%
21 477 143 484 140 528 19 522##::단백질0g
253 488 272 488 272 520 253 520##::0
274 486 301 486 301 521 274 521##::%
18 530 40 530 40 556 18 556##::1일
40 530 66 530 66 558 40 558##::영양
64 530 92 530 92 558 64 558##::성분
89 532 142 532 142 558 89 558##::기준치에
142 533 170 533 170 557 142 557##::대한
170 533 222 533 222 560 170 560##::비율 ( % )
221 534 233 534 233 558 221 558##::은
233 534 274 534 274 558 233 558##::2, 000
273 536 302 536 302 557 273 557##::kcal
14 554 78 554 78 581 14 581##::기준이드로
77 557 117 557 117 582 77 582##::개인의
117 557 144 557 144 584 117 584##::필요
144 557 184 557 184 585 144 585##::열량에
182 558 212 558 212 584 182 584##::따라
210 558 237 558 237 584 210 584##::다를
251 558 302 556 303 583 252 585##::있습니다.
