18 20 140 20 140 60 18 60##::영양정토
432 10 456 10 456 38 432 38##::총
458 10 526 10 526 40 458 40##::내용량
529 12 561 12 561 37 529 37##::60
564 17 581 17 581 41 564 41##::8
485 44 526 44 526 69 485 69##::291
532 44 581 44 581 69 532 69##::kea
14 78 82 78 82 109 14 109##::나트륨
86 80 130 80 130 105 86 105##::170
133 84 172 84 172 109 133 109##::mg
174 82 193 82 193 106 174 106##::9
193 81 220 81 220 105 193 105##::%
222 80 310 80 310 110 222 110##::탄수화물
313 81 398 81 398 110 313 110##::44용14
401 81 426 81 426 106 401 106##::%
429 80 473 80 473 112 429 112##::당류
476 81 508 81 508 108 476 108##::20
510 88 528 88 528 112 510 112##::8
530 82 562 82 562 108 530 108##::20
565 82 588 82 588 106 565 106##::%
15 119 63 121 62 151 13 149##::지방
64 122 93 122 93 148 64 148##::11
94 125 148 119 151 147 97 153##::8 20
152 122 176 122 176 148 152 148##::%
206 121 316 121 316 152 206 152##::트랜스지방
317 124 356 124 356 152 317 152##::08
400 122 486 122 486 152 400 152##::포화지방
490 125 508 125 508 149 490 149##::6
510 128 528 128 528 153 510 153##::8
530 124 561 124 561 149 530 149##::40
566 125 588 125 588 148 566 148##::%
16 158 125 158 125 189 16 189##::콜레스테롤
128 161 148 161 148 186 128 186##::0
149 164 186 164 186 189 149 189##::mg
189 162 206 162 206 186 189 186##::0
209 161 233 161 233 185 209 185##::%
254 160 320 160 320 189 254 189##::단백질
321 161 408 161 408 190 321 190##::487 %
18 205 52 205 52 230 18 230##::1일
57 205 138 205 138 234 57 234##::영양성분
141 205 224 205 224 232 141 232##::기준치에
228 205 269 205 269 232 228 232##::대한
273 204 368 206 367 233 272 231##::비율 ( % ) 은
370 208 430 208 430 233 370 233##::2, 000
434 209 478 209 478 232 434 232##::KCal
18 233 118 233 118 260 18 260##::기준이므로
122 234 184 234 184 260 122 260##::개인의
188 234 230 234 230 261 188 261##::필요
234 234 296 234 296 261 234 261##::열량에
298 236 342 233 343 259 300 262##::따라
345 236 388 236 388 261 345 261##::다를
390 236 413 236 413 261 390 261##::수
416 235 502 233 503 261 417 263##::있습니다.
