30 36 218 36 218 97 30 97##::영양정된
269 28 298 28 298 62 269 62##::총
301 26 384 28 383 64 300 62##::내용량
386 30 444 30 444 62 386 62##::27
444 36 466 36 466 65 444 65##::
328 65 392 65 392 102 328 102##::855
398 69 468 69 468 104 398 104##::kail
34 122 56 122 56 148 34 148##::총
58 121 141 121 141 148 58 148##::내용량당
174 120 209 120 209 145 174 145##::1일
213 118 294 118 294 148 213 148##::영양성분
298 120 378 120 378 145 298 145##::기준치에
382 121 424 121 424 146 382 146##::대한
425 121 466 121 466 148 425 148##::비율
34 154 126 154 126 193 34 193##::나트륨
134 157 158 157 158 188 134 188##::
172 161 221 164 219 192 170 189##::mo.
412 158 436 158 436 189 412 189##::0
437 158 469 158 469 192 437 192##::%
36 200 157 200 157 241 36 241##::탄수화물
165 201 233 201 233 236 165 236##::210
241 209 264 209 264 236 241 236##::
394 204 436 204 436 237 394 237##::65
438 205 466 205 466 237 438 237##::%
58 246 122 246 122 286 58 286##::당류
128 244 230 250 228 287 126 282##::169. 9
376 250 437 250 437 284 376 284##::169
438 252 468 252 468 285 438 285##::%
36 293 196 297 195 335 35 331##::지방 1. 1g
413 298 468 298 468 330 413 330##::2 %
60 337 277 341 277 382 59 379##::트랜스지방 09
58 385 184 388 183 429 58 426##::포화지방
189 388 279 392 278 430 188 426##::0. 9. 9
410 392 434 392 434 422 410 422##::6
437 392 468 392 468 424 437 424##::%
34 434 189 434 189 474 34 474##::콜레스테롤
196 438 220 438 220 470 196 470##::
232 444 282 446 280 478 230 475##::mg
410 438 434 438 434 470 410 470##::0
437 438 468 438 468 470 437 470##::%
34 481 128 481 128 521 34 521##::단백질
135 481 227 487 224 526 132 520##::0. 7. 9
413 488 428 488 428 514 413 514##::1
436 485 466 485 466 517 436 517##::%
32 536 58 536 58 557 32 557##::1일
61 536 126 536 126 560 61 560##::영양성분
130 538 196 538 196 560 130 560##::기준치에
197 538 232 538 232 560 197 560##::대한
232 536 308 536 308 560 232 560##::비율 ( % ) 은
309 538 386 538 386 558 309 558##::2, 000kal
389 537 466 537 466 558 389 558##::기준이므로
30 557 80 557 80 580 30 580##::개인의
84 560 117 560 117 580 84 580##::필요
118 558 169 558 169 581 118 581##::열량에
170 558 206 558 206 581 170 581##::따라
206 558 261 558 261 581 206 581##::다를 수
261 557 329 557 329 581 261 581##::있습니다.
