29 17 162 17 162 63 29 63##::영양정보
430 17 450 17 450 42 430 42##::송
452 14 517 14 517 46 452 46##::내용룡
517 12 581 20 578 49 513 41##::900
402 44 445 44 445 70 402 70##::100
445 45 481 45 481 73 445 73##::영
485 45 528 45 528 70 485 70##::105
529 46 578 46 578 72 529 72##::kea
16 74 82 74 82 105 16 105##::나트름
84 77 128 77 128 102 84 102##::780
130 80 168 80 168 105 130 105##::mg
174 77 206 77 206 104 174 104##::39
208 78 233 78 233 104 208 104##::%
247 77 363 77 363 106 247 106##::탄수화물21
365 84 384 84 384 106 365 106##::9
389 80 436 80 436 105 389 105##::6 %
449 80 584 80 584 109 449 109##::당류29 2 %
16 112 120 112 120 141 16 141##::지방0. 7g
129 116 144 116 144 137 129 137##::1
146 113 173 113 173 138 146 138##::%
188 112 293 112 293 142 188 142##::트랜스지방
293 114 329 114 329 142 293 142##::09
344 112 428 113 427 145 343 143##::포화지방
428 112 486 118 483 146 426 140##::0. 29
493 118 509 118 509 141 493 141##::1
509 117 534 117 534 141 509 141##::%
17 148 145 148 145 178 17 178##::콜레스테를5
144 152 180 152 180 178 144 178##::mg
188 149 233 149 233 174 188 174##::2 %
249 145 314 149 312 180 247 177##::단백질
313 149 350 149 350 178 313 178##::49
357 150 402 150 402 176 357 176##::7 %
16 182 89 182 89 202 16 202##::1일영영생본
89 182 230 182 230 202 89 202##::기조처에 대관비용 ( % ) 은
229 184 296 184 296 202 229 202##::2, 000ka
296 184 354 184 354 202 296 202##::기준이므로
354 185 390 185 390 202 354 202##::개인의
394 185 417 185 417 202 394 202##::
417 185 497 185 497 204 417 204##::잃양에따라다
505 188 520 188 520 202 505 202##::수
520 186 570 186 570 205 520 205##::일십다
