17 32 98 32 98 81 17 81##::영양정보
164 20 240 20 240 60 164 60##::총내용량
238 22 270 22 270 56 238 56##::350
269 22 296 22 296 54 269 54##::mL
220 56 256 56 256 94 220 94##::148
254 56 298 56 298 93 254 93##::kail
37 114 108 114 108 154 37 154##::내용량당
198 100 228 100 228 133 198 133##::1일
228 94 298 94 298 137 228 137##::영양성분
21 118 38 118 38 153 21 153##::총
154 134 225 134 225 169 154 169##::기준치에
225 133 262 133 262 168 225 168##::대한
261 130 298 130 298 168 261 168##::비율
21 172 73 172 73 208 21 208##::나트륨
78 177 90 177 90 204 78 204##::5
92 178 118 178 118 206 92 206##::mg
266 174 278 174 278 201 266 201##::0
280 174 298 174 298 202 280 202##::%
21 209 89 209 89 248 21 248##::탄수화물
93 213 116 213 116 244 93 244##::37
114 218 128 218 128 246 114 246##::9
258 213 278 213 278 240 258 240##::11
280 213 297 213 297 241 280 241##::%
33 249 69 249 69 289 33 289##::당류
74 252 97 252 97 284 74 284##::36
97 258 109 258 109 284 97 284##::9
258 250 281 250 281 280 258 280##::36
281 252 300 252 300 280 281 280##::%
18 288 57 288 57 325 18 325##::지방
58 292 89 292 89 326 58 326##::09
266 289 300 289 300 318 266 318##::0 %
34 326 120 326 120 364 34 364##::트랜스지방
122 330 152 330 152 364 122 364##::09
33 366 104 366 104 402 33 402##::포화지방
106 369 136 369 136 402 106 402##::09
268 366 301 366 301 396 268 396##::0 %
18 404 105 402 105 441 18 443##::콜레스테롤
110 409 124 409 124 437 110 437##::0
124 409 152 409 152 440 124 440##::mg
268 405 301 405 301 433 268 433##::0 %
21 445 73 445 73 481 21 481##::단백질
77 449 106 449 106 481 77 481##::09
270 445 282 445 282 470 270 470##::0
284 445 302 445 302 472 284 472##::%
18 488 48 488 48 522 18 522##::1일
48 485 122 481 124 521 50 525##::영양성분
122 482 196 482 196 517 122 517##::기준치에
197 481 237 481 237 516 197 516##::대한
237 480 282 480 282 516 237 516##::비율 (
280 485 297 485 297 513 280 513##::%
20 522 76 522 76 594 20 594##::연량에
41 521 86 521 86 554 41 554##::2, 000
85 522 124 522 124 550 85 550##::kcal
121 516 209 513 210 547 122 550##::기준이므로
208 514 264 514 264 548 208 548##::개인의
268 517 284 517 284 549 268 549##::필
76 552 114 552 114 586 76 586##::따라
113 549 153 549 153 584 113 584##::다를
154 550 173 550 173 581 154 581##::수
174 546 249 546 249 582 174 582##::있습니다.
