20 36 164 36 164 89 20 89##::영양정되
213 25 238 25 238 58 213 58##::총
240 22 319 24 318 61 239 59##::내용량
322 25 398 25 398 61 322 61##::1, 000
398 32 418 32 418 61 398 61##::0
197 64 248 64 248 94 197 94##::100
249 69 269 69 269 98 249 98##::
273 62 300 62 300 96 273 96##::당
302 62 357 62 357 94 302 94##::275
358 63 419 63 419 93 358 93##::kea
26 121 77 121 77 153 26 153##::100
78 121 124 121 124 158 78 158##::g당
310 114 341 114 341 140 310 140##::1일
342 113 413 113 413 141 342 141##::영양성분
265 136 337 136 337 161 265 161##::기준치에
336 137 376 137 376 161 336 161##::대한
374 137 413 137 413 162 374 162##::비율
24 169 101 169 101 204 24 204##::나트륨
181 172 233 172 233 202 181 202##::500
238 178 278 178 278 208 238 208##::mg
337 173 376 173 376 202 337 202##::25
378 173 409 173 409 204 378 204##::%
24 212 125 212 125 248 24 248##::탄수화물
221 217 257 217 257 246 221 246##::31
261 224 280 224 280 250 261 250##::9
340 217 376 217 376 248 340 248##::10
378 217 410 217 410 249 378 249##::%
54 256 108 256 108 292 54 292##::당류
239 257 285 265 279 297 234 288##::60
356 264 376 264 376 289 356 289##::6
380 261 410 261 410 292 380 292##::%
28 301 78 301 78 334 28 334##::지방
225 298 284 307 279 338 220 329##::120
338 304 377 304 377 334 338 334##::22
380 304 410 304 410 334 380 334##::%
44 344 168 344 168 378 44 378##::트랜스지방
216 345 262 345 262 376 216 376##::0. 5
259 346 331 340 334 375 262 381##::g미만
44 386 144 386 144 421 44 421##::포화지방
216 384 284 390 281 421 214 415##::2. 30
342 388 378 388 378 416 342 416##::15
381 388 412 388 412 418 381 418##::%
29 428 153 428 153 466 29 466##::콜레스테롤
196 430 236 430 236 458 196 458##::1. 3
241 434 282 434 282 462 241 462##::mg
358 432 378 432 378 458 358 458##::0
382 430 413 430 413 461 382 461##::%
27 471 103 469 104 506 28 508##::단백질
227 468 286 475 282 505 224 499##::10g
342 472 380 472 380 501 342 501##::18
382 472 413 472 413 502 382 502##::%
22 524 53 524 53 550 22 550##::1일
53 522 124 522 124 552 53 552##::영양성분
125 521 197 521 197 548 125 548##::기준치에
196 520 236 520 236 546 196 546##::대한
235 520 323 520 323 546 235 546##::비율 ( % ) 은
324 520 377 520 377 545 324 545##::2, 000
377 521 418 521 418 545 377 545##::kcal
21 547 104 549 103 577 20 575##::기준이므로
105 548 158 548 158 574 105 574##::개인의
160 548 196 548 196 574 160 574##::필요
196 546 250 546 250 573 196 573##::열량에
249 546 286 546 286 570 249 570##::따라
286 546 324 546 324 570 286 570##::다를
325 546 344 546 344 572 325 572##::수
345 545 417 545 417 572 345 572##::있습니다.
