13 17 161 17 161 68 13 68##::영양젱보
112 69 137 69 137 102 112 102##::총
141 70 219 72 218 107 140 104##::내용량
218 74 284 74 284 110 218 110##::1, 000
285 85 302 85 302 113 285 113##::0
110 105 156 105 156 137 110 137##::100
157 108 202 108 202 144 157 144##::@ 담당
205 107 251 109 250 140 204 138##::175
252 110 305 114 303 144 250 140##::kail
196 149 228 149 228 177 196 177##::1일
230 149 310 153 309 182 229 179##::영양성분
18 165 53 165 53 192 18 192##::100
53 165 93 165 93 194 53 194##::g 당
141 174 221 174 221 201 141 201##::기준치에
224 176 266 176 266 202 224 202##::대한
268 177 308 177 308 204 268 204##::비율
20 209 93 209 93 241 20 241##::나트륨
102 209 149 209 149 240 102 240##::115
152 214 188 214 188 242 152 242##::mg
262 212 281 212 281 238 262 238##::6
282 210 308 210 308 238 282 238##::%
21 247 115 247 115 281 21 281##::탄수화물
126 249 160 249 160 280 126 280##::29
161 257 178 257 178 284 161 284##::9
262 252 280 252 280 277 262 277##::9
282 249 308 249 308 278 282 278##::%
36 289 86 289 86 321 36 321##::당류
95 287 137 296 131 324 90 316##::90
262 290 281 290 281 317 262 317##::9
282 288 308 288 308 317 282 317##::%
21 324 119 329 118 362 20 357##::지방 5q
262 330 280 330 280 356 262 356##::9
282 328 308 328 308 356 282 356##::%
37 364 155 366 154 399 36 397##::트랜스지방
165 368 204 368 204 402 165 402##::0g
37 404 132 404 132 436 37 436##::포화지방
144 406 181 406 181 436 144 436##::0. 9
184 414 198 414 198 437 184 437##::9
262 408 281 408 281 433 262 433##::6
282 406 309 406 309 434 282 434##::%
22 442 141 442 141 474 22 474##::콜레스테롤
152 443 212 451 208 478 149 471##::0mo
262 446 280 446 280 472 262 472##::0
284 445 309 445 309 473 284 473##::%
24 480 94 480 94 513 24 513##::단백질
106 484 125 484 125 509 106 509##::2
126 489 141 489 141 513 126 513##::9
264 486 278 486 278 509 264 509##::4
284 484 310 484 310 512 284 512##::%
12 518 40 518 40 544 12 544##::1일
42 517 109 517 109 542 42 542##::영양성분
110 518 180 518 180 541 110 541##::기준치에
181 518 218 518 218 542 181 542##::대한
219 520 299 520 299 544 219 544##::비율 ( % ) 은
12 541 57 541 57 564 12 564##::2, 000
57 542 90 542 90 564 57 564##::kcal
90 540 170 540 170 565 90 565##::기준이므로
172 541 221 541 221 565 172 565##::개인의
224 542 260 542 260 566 224 566##::필요
261 541 314 541 314 566 261 566##::열량에
12 562 50 562 50 586 12 586##::따라
50 562 86 562 86 588 50 588##::다를
88 565 106 565 106 586 88 586##::수
108 562 178 562 178 588 108 588##::있습니다.
