box_1:[30 162 43 86]
box_2:[253 426 31 63]
box_3:[204 425 61 100]
box_4:[31 120 110 138]
box_5:[318 425 112 136]
box_6:[270 424 133 161]
box_7:[31 111 171 205]
box_8:[195 295 168 203]
box_9:[367 425 168 205]
box_10:[30 138 215 250]
box_11:[241 292 216 250]
box_12:[366 424 218 248]
box_13:[56 115 260 292]
box_14:[244 292 257 293]
box_15:[365 421 258 290]
box_16:[29 88 302 335]
box_17:[239 290 304 335]
box_18:[364 423 303 339]
box_19:[57 187 345 381]
box_20:[239 296 342 381]
box_21:[55 165 391 424]
box_22:[239 294 391 423]
box_23:[364 421 389 419]
box_24:[32 160 432 471]
box_25:[210 293 433 462]
box_26:[361 421 434 467]
box_27:[33 112 478 511]
box_28:[241 295 478 511]
box_29:[365 418 477 509]
box_30:[34 413 520 547]
box_31:[33 427 543 571]
