box_1:[80 197 45 83]
box_2:[371 511 38 64]
box_3:[365 520 68 93]
box_4:[75 176 113 147]
box_5:[410 520 107 134]
box_6:[361 518 134 158]
box_7:[74 147 172 199]
box_8:[265 338 173 202]
box_9:[469 523 173 198]
box_10:[74 171 216 247]
box_11:[280 336 217 248]
box_12:[452 520 217 245]
box_13:[76 133 263 293]
box_14:[280 343 264 292]
box_15:[454 521 261 291]
box_16:[77 133 303 337]
box_17:[294 340 308 337]
box_18:[470 519 302 338]
box_19:[78 197 348 380]
box_20:[295 336 348 380]
box_21:[74 176 396 425]
box_22:[301 338 398 427]
box_23:[467 522 394 426]
box_24:[76 195 436 468]
box_25:[280 336 440 471]
box_26:[464 520 438 469]
box_27:[77 152 482 514]
box_28:[294 336 487 512]
box_29:[471 518 486 513]
box_30:[80 472 522 547]
box_31:[80 498 548 571]
