box_1:[25 158 16 81]
box_2:[178 307 17 49]
box_3:[215 308 48 86]
box_4:[31 138 89 129]
box_5:[211 306 88 117]
box_6:[174 305 112 141]
box_7:[24 187 140 190]
box_8:[248 305 143 186]
box_9:[21 188 188 239]
box_10:[248 302 191 234]
box_11:[33 149 235 288]
box_12:[228 307 240 284]
box_13:[24 126 286 334]
box_14:[251 305 289 335]
box_15:[34 204 337 386]
box_16:[34 177 382 433]
box_17:[249 304 386 429]
box_18:[22 216 430 483]
box_19:[249 307 434 480]
box_20:[21 143 477 527]
box_21:[248 303 484 525]
box_22:[16 305 527 561]
box_23:[14 310 553 586]
