box_1:[25 222 31 96]
box_2:[265 469 22 67]
box_3:[328 474 62 111]
box_4:[32 147 116 150]
box_5:[174 472 112 154]
box_6:[35 227 153 195]
box_7:[406 473 155 193]
box_8:[28 273 196 243]
box_9:[392 471 200 242]
box_10:[61 241 244 290]
box_11:[374 469 245 288]
box_12:[30 203 292 334]
box_13:[402 475 293 337]
box_14:[60 278 340 383]
box_15:[58 282 388 433]
box_16:[411 476 386 432]
box_17:[30 286 433 480]
box_18:[409 469 434 473]
box_19:[32 232 483 529]
box_20:[412 474 483 522]
box_21:[31 468 533 562]
box_22:[26 337 555 585]
