box_1:[18 102 34 80]
box_2:[162 298 18 57]
box_3:[216 298 54 95]
box_4:[16 111 112 157]
box_5:[199 297 96 134]
box_6:[153 303 133 168]
box_7:[17 128 173 210]
box_8:[262 301 171 207]
box_9:[17 135 208 249]
box_10:[258 299 208 244]
box_11:[32 115 248 291]
box_12:[257 302 247 285]
box_13:[21 98 289 326]
box_14:[268 306 287 322]
box_15:[31 162 323 366]
box_16:[33 143 368 406]
box_17:[265 309 363 400]
box_18:[16 165 404 445]
box_19:[263 303 402 437]
box_20:[22 110 445 483]
box_21:[268 304 440 477]
box_22:[17 306 483 519]
box_23:[17 303 515 551]
box_24:[17 255 548 592]
