box_1:[19 167 35 88]
box_2:[212 420 19 61]
box_3:[198 423 56 101]
box_4:[25 130 117 160]
box_5:[312 417 112 140]
box_6:[266 417 134 163]
box_7:[21 102 166 206]
box_8:[179 283 168 210]
box_9:[336 412 170 208]
box_10:[23 128 210 252]
box_11:[220 282 212 253]
box_12:[334 413 215 250]
box_13:[53 114 254 295]
box_14:[237 284 257 295]
box_15:[353 412 258 297]
box_16:[25 87 299 337]
box_17:[226 282 302 338]
box_18:[335 410 299 336]
box_19:[40 172 340 381]
box_20:[213 341 340 383]
box_21:[41 145 383 423]
box_22:[210 289 381 425]
box_23:[343 419 384 420]
box_24:[25 159 429 466]
box_25:[191 287 424 469]
box_26:[355 414 429 466]
box_27:[25 109 468 510]
box_28:[221 291 471 509]
box_29:[341 414 467 507]
box_30:[20 423 522 550]
box_31:[21 424 548 576]
