box_1:[10 163 16 66]
box_2:[110 311 68 116]
box_3:[107 311 104 148]
box_4:[18 98 160 196]
box_5:[193 310 146 179]
box_6:[139 313 173 204]
box_7:[20 196 206 245]
box_8:[259 309 206 242]
box_9:[14 182 245 285]
box_10:[260 308 246 283]
box_11:[35 138 285 322]
box_12:[258 308 288 323]
box_13:[19 125 325 363]
box_14:[260 314 324 363]
box_15:[35 206 361 402]
box_16:[39 202 403 441]
box_17:[258 311 404 441]
box_18:[18 211 440 480]
box_19:[263 312 442 475]
box_20:[19 153 480 517]
box_21:[261 311 480 516]
box_22:[13 304 517 543]
box_23:[8 317 537 568]
box_24:[4 183 563 592]
