15 22 15 58 135 22 135 58##::영양정보
308 12 308 43 328 12 328 43##::총
334 12 334 41 396 12 396 41##::내용량
404 16 404 42 503 16 503 42##::64g(32g
504 14 504 42 583 14 583 42##::x 2봉지
351 42 351 68 490 42 490 68##::1봉지(32 g)당
496 42 496 66 584 42 584 66##::160 kcal
19 73 19 97 83 73 83 97##::나트륨
90 73 90 100 171 73 171 100##::190 mg
174 71 174 97 229 71 229 97##::10 %
247 73 247 100 331 73 331 100##::탄수화물
336 71 336 100 383 71 383 100##::20 g
386 72 386 98 435 72 435 98##::6 %
452 73 452 99 493 73 493 99##::당류
497 71 497 100 535 71 535 100##::4 g
536 71 536 99 580 71 580 99##::4 %
19 106 19 130 61 106 61 130##::지방
65 105 65 132 101 105 101 132##::8 g
106 105 106 131 160 105 160 131##::15 %
200 104 200 133 306 104 306 133##::트랜스지방
308 105 308 132 351 105 351 132##::0 g
378 106 378 132 463 106 463 132##::포화지방
467 103 467 132 520 103 520 132##::4.2 g
523 105 523 131 580 105 580 131##::28 %
19 135 19 163 121 135 121 163##::콜레스테롤
127 137 127 164 182 137 182 164##::0 mg
187 135 187 162 231 135 231 162##::0 %
244 136 244 163 307 136 307 163##::단백질
312 137 312 163 347 137 347 163##::2 g
349 135 349 162 396 135 396 162##::4 %
19 171 19 195 51 171 51 195##::1일
56 172 56 196 135 172 135 196##::영양성분
144 172 144 195 221 172 221 195##::기준치에
227 172 227 194 268 172 268 194##::대한
271 172 271 196 363 172 363 196##::비율(%)은
368 172 368 194 471 172 471 194##::2,000 kcal
477 171 477 193 574 171 574 193##::기준이므로
19 197 19 218 77 197 77 218##::개인의
85 197 85 219 180 197 180 219##::필요열량에
188 197 188 218 228 197 228 218##::따라
233 196 233 219 273 196 273 219##::다를
279 196 279 218 298 196 298 218##::수
304 197 304 219 388 197 388 219##::있습니다.
