20 28 20 92 215 28 215 92##::영양정보
419 20 419 57 442 20 442 57##::총
450 21 450 57 516 21 516 57##::내용량
524 25 524 59 581 25 581 59##::160 g
464 62 464 102 582 62 582 102##::520 kcal
17 114 17 154 84 114 84 154##::나트륨
86 116 86 158 184 116 184 158##::1,090 mg
191 117 191 158 246 117 246 158##::55 %
250 116 250 158 338 116 338 158##::탄수화물
343 115 343 159 388 115 388 159##::21 g
390 115 390 155 434 115 434 155##::6 %
440 117 440 158 484 117 484 158##::당류
490 117 490 158 531 117 531 158##::11 g
535 116 535 159 583 116 583 159##::11 %
16 171 16 213 60 171 60 213##::지방
67 171 67 213 119 171 119 213##::42 g
121 173 121 211 176 173 176 211##::78 %
198 171 198 214 306 171 306 214##::트랜스지방
309 172 309 215 356 172 356 215##::0 g
371 170 371 214 460 170 460 214##::포화지방
464 172 464 214 510 172 510 214##::17 g
513 171 513 212 577 171 577 212##::113 %
15 226 15 269 124 226 124 269##::콜레스테롤
129 227 129 270 212 227 212 270##::205 mg
215 227 215 267 277 227 277 267##::68 %
302 226 302 268 370 226 370 268##::단백질
373 228 373 271 419 228 419 271##::14 g
423 226 423 266 481 226 481 266##::25 %
13 282 13 311 35 282 35 311##::1일
37 281 37 311 88 281 88 311##::영양성분
90 280 90 311 139 280 139 311##::기준치에
140 280 140 311 167 280 167 311##::대한
169 280 169 312 224 280 224 312##::비율(%)은
225 280 225 310 289 280 289 310##::2,000 kcal
289 280 289 309 350 280 350 309##::기준이므로
350 278 350 312 391 278 391 312##::개인의
392 281 392 311 419 281 419 311##::필요
419 280 419 312 458 280 458 312##::열량에
458 280 458 309 486 280 486 309##::따라
486 280 486 308 511 280 511 308##::다를
511 279 511 311 528 279 528 311##::수
528 279 528 310 583 279 583 310##::있습니다.
