23 32 23 82 154 32 154 82##::영양정보
190 16 190 58 214 16 214 58##::총
218 17 218 60 277 17 277 60##::내용량
280 17 280 56 352 17 352 56##::835 mL
190 58 190 96 253 58 253 96##::100 mL
250 60 250 96 272 60 272 96##::당
275 59 275 96 357 59 357 96##::172 kcal
33 117 33 163 143 117 143 163##::100 mL당
237 101 237 137 270 101 270 137##::1일
273 96 273 138 350 96 350 138##::영양성분
184 139 184 173 262 139 262 173##::기준치에
268 137 268 176 306 137 306 176##::대한
308 139 308 175 349 139 349 175##::비율
24 178 24 217 99 178 99 217##::나트륨
116 184 116 219 198 184 198 219##::127 mg
291 180 291 216 354 180 354 216##::6 %
31 224 31 262 123 224 123 262##::탄수화물
136 227 136 263 198 227 198 263##::42 g
282 224 282 260 352 224 352 260##::13 %
47 266 47 303 97 266 97 303##::당류
109 270 109 308 170 270 170 308##::27 g
282 265 282 301 354 265 354 301##::27 %
28 308 28 345 78 308 78 345##::지방
88 308 88 347 134 308 134 347##::0 g
290 306 290 342 354 306 354 342##::0 %
47 352 47 389 165 352 165 389##::트랜스지방
177 354 177 389 224 354 224 389##::0 g
50 396 50 434 143 396 143 434##::포화지방
161 399 161 434 206 399 206 434##::0 g
293 398 293 429 352 398 352 429##::0 %
34 437 34 472 145 437 145 472##::콜레스테롤
163 440 163 474 229 440 229 474##::0 mg
293 439 293 468 352 439 352 468##::0 %
31 476 31 514 105 476 105 514##::단백질
112 475 112 514 165 475 165 514##::0 g
292 475 292 510 352 475 352 510##::1 %
23 516 23 550 47 516 47 550##::1일
46 517 46 551 109 517 109 551##::영양성분
109 517 109 552 171 517 171 552##::기준치에
172 519 172 550 206 519 206 550##::대한
209 517 209 553 277 517 277 553##::비율(%)은
279 517 279 550 359 517 359 550##::2,000 kcal
24 548 24 582 89 548 89 582##::기준이므로
91 552 91 581 136 552 136 581##::개인의
132 552 132 583 166 552 166 583##::필요
167 552 167 583 213 552 213 583##::열량에
212 553 212 584 245 553 245 584##::따라
247 552 247 584 278 552 278 584##::다를
277 552 277 584 295 552 295 584##::수
296 552 296 585 362 552 362 585##::있습니다.
