11 21 11 90 200 21 200 90##::영양정보
435 19 435 52 460 19 460 52##::총
463 20 463 53 529 20 529 53##::내용량
533 21 533 57 586 21 586 57##::100 g
441 56 441 101 590 56 590 101##::525 kcal
13 109 13 153 65 109 65 153##::나트륨
64 110 64 155 139 110 139 155##::30 g
139 111 139 151 202 111 202 151##::10 %
225 109 225 161 323 109 323 161##::탄수화물
324 112 324 159 383 112 383 159##::30 g
383 112 383 155 431 112 431 155##::60 %
455 111 455 159 502 111 502 159##::당류
502 112 502 159 532 112 532 159##::6 g
531 112 531 156 572 112 572 156##::6 %
14 158 14 202 46 158 46 202##::지방
46 159 46 206 89 159 89 206##::30 g
88 159 88 202 141 159 141 202##::56 %
189 160 189 210 309 160 309 210##::트랜스지방
309 161 309 211 353 161 353 211##::0 g
401 162 401 210 490 162 490 210##::포화지방
490 161 490 210 524 161 524 210##::3 g
526 160 526 210 574 160 574 210##::20 %
13 205 13 257 98 205 98 257##::콜레스테롤
95 210 95 258 169 210 169 258##::95 mg
169 211 169 255 230 211 230 255##::32 %
279 214 279 260 352 214 352 260##::단백질
352 215 352 263 411 215 411 263##::33 g
408 215 408 259 474 215 474 259##::60 %
12 259 12 288 31 259 31 288##::1일
30 259 30 294 71 259 71 294##::영양성분
70 262 70 297 116 262 116 297##::기준치에
116 264 116 296 143 264 143 296##::대한
143 265 143 301 211 265 211 301##::비율(%)은
212 269 212 301 288 269 288 301##::2,000 kcal
287 268 287 298 361 268 361 298##::기준이므로
361 269 361 302 404 269 404 302##::개인의
403 269 403 300 435 269 435 300##::필요
436 268 436 300 477 268 477 300##::열량에
475 268 475 301 504 268 504 301##::따라
503 268 503 299 528 268 528 299##::다를
528 268 528 300 542 268 542 300##::수
542 267 542 298 586 267 586 298##::있습니다.
