17 18 17 62 170 18 170 62##::영양정보
254 23 254 56 283 23 283 56##::총
290 24 290 55 368 24 368 55##::내용량
375 26 375 56 433 26 433 56##::74 g
438 25 438 54 456 25 456 54##::/
460 25 460 52 573 25 573 52##::384 kcal
17 71 17 100 93 71 93 100##::나트륨
103 71 103 99 190 71 190 99##::170 mg
214 70 214 95 267 70 267 95##::9 %
311 67 311 98 415 67 415 98##::탄수화물
419 66 419 97 486 66 486 97##::49 g
493 66 493 95 557 66 557 95##::15 %
17 100 17 130 69 100 69 130##::당류
69 101 69 131 138 101 138 131##::24 g
149 100 149 128 213 100 213 128##::24 %
258 98 258 127 313 98 313 127##::지방
314 98 314 129 382 98 382 129##::20 g
390 97 390 128 456 97 456 128##::37 %
17 131 17 160 148 131 148 160##::트랜스지방
148 132 148 161 202 132 202 161##::0 g
242 128 242 161 346 128 346 161##::포화지방
346 128 346 158 402 128 402 158##::9 g
404 128 404 157 479 128 479 157##::60 %
18 162 18 192 147 162 147 192##::콜레스테롤
155 162 155 192 232 162 232 192##::10 mg
242 162 242 192 298 162 298 192##::3 %
342 159 342 190 421 159 421 190##::단백질
423 160 423 188 470 160 470 188##::2 g
483 160 483 188 534 160 534 188##::4 %
17 194 17 219 49 194 49 219##::1일
52 195 52 218 196 195 196 218##::영양성분기준치에
202 195 202 216 241 195 241 216##::대한
242 194 242 217 331 194 331 217##::비율(%)은
334 193 334 215 533 193 533 215##::2,000 kcal 기준이므로
17 218 17 241 71 218 71 241##::개인의
71 218 71 241 113 218 113 241##::필요
115 219 115 241 173 219 173 241##::열량에
173 218 173 239 217 218 217 239##::따라
219 217 219 241 260 217 260 241##::다를
263 216 263 241 284 216 284 241##::수
288 216 288 239 372 216 372 239##::있습니다.
