26 31 26 89 178 31 178 89##::영양정보
228 28 228 61 253 28 253 61##::총
255 27 255 64 332 27 332 64##::내용량
340 32 340 66 430 32 430 66##::1,000 g
209 64 209 101 312 64 312 101##::100 g 당
317 67 317 98 431 67 431 98##::290 kcal
33 119 33 157 137 119 137 157##::100 g당
325 116 325 140 352 116 352 140##::1일
353 116 353 140 423 116 423 140##::영양성분
280 140 280 165 346 140 346 165##::기준치에
348 140 348 162 385 140 385 162##::대한
384 139 384 161 424 139 424 161##::비율
30 165 30 202 110 165 110 202##::나트륨
191 169 191 206 290 169 290 206##::505 mg
351 173 351 206 420 173 420 206##::25 %
30 209 30 245 136 209 136 245##::탄수화물
235 212 235 246 294 212 294 246##::33 g
353 210 353 247 422 210 422 247##::10 %
63 250 63 284 116 250 116 284##::당류
253 254 253 289 299 254 299 289##::1 g
367 258 367 291 421 258 421 291##::1 %
30 291 30 329 82 291 82 329##::지방
212 296 212 332 297 296 297 332##::11.4 g
350 298 350 331 419 298 419 331##::21 %
42 337 42 371 178 337 178 371##::트랜스지방
224 331 224 372 344 331 344 372##::0.5 g 미만
43 378 43 414 151 378 151 414##::포화지방
224 380 224 417 293 380 293 417##::3.6 g
351 380 351 414 425 380 425 414##::24 %
28 423 28 458 157 423 157 458##::콜레스테롤
206 422 206 457 292 422 292 457##::7.1 mg
364 422 364 458 424 422 424 458##::2 %
29 461 29 502 109 461 109 502##::단백질
232 466 232 502 291 466 291 502##::11 g
351 468 351 499 420 468 420 499##::20 %
25 524 25 547 50 524 50 547##::1일
57 520 57 549 127 520 127 549##::영양성분
132 522 132 547 201 522 201 547##::기준치에
201 522 201 548 240 522 240 548##::대한
242 522 242 547 312 522 312 547##::비율(%)은
312 522 312 550 427 522 427 550##::2,000 kcal
24 550 24 573 107 550 107 573##::기준이므로
107 550 107 572 163 550 163 572##::개인의
163 550 163 573 199 550 199 573##::필요
201 548 201 573 255 548 255 573##::열량에
256 550 256 571 292 550 292 571##::따라
293 549 293 574 329 549 329 574##::다를
334 547 334 575 352 547 352 575##::수
353 546 353 576 430 546 430 576##::있습니다.
