143 10 143 87 210 10 210 87##::영양정보
271 11 271 50 304 11 304 50##::총
313 11 313 47 403 11 403 47##::내용량
404 13 404 53 459 13 459 53##::81 g
349 48 349 88 462 48 462 88##::417 kcal
149 100 149 130 174 100 174 130##::총
181 101 181 132 276 101 276 132##::내용량당
344 102 344 129 378 102 378 129##::1일
384 102 384 129 454 102 454 129##::영양성분
282 134 282 160 372 134 372 160##::기준치에
379 132 379 158 418 132 418 158##::대한
420 131 420 158 455 131 455 158##::비율
154 168 154 211 248 168 248 211##::나트륨
254 170 254 213 372 170 372 213##::390 mg
385 166 385 206 456 166 456 206##::20 %
155 211 155 260 282 211 282 260##::탄수화물
283 216 283 257 358 216 358 257##::53 g
387 212 387 249 457 212 457 249##::16 %
176 258 176 299 239 258 239 299##::당류
251 261 251 302 321 261 321 302##::22 g
382 255 382 293 454 255 454 293##::22 %
153 303 153 345 215 303 215 345##::지방
220 304 220 347 300 304 300 347##::21 g
380 299 380 338 453 299 453 338##::39 %
176 349 176 393 330 349 330 393##::트랜스지방
331 348 331 388 385 348 385 388##::0 g
177 394 177 438 303 394 303 438##::포화지방
307 394 307 437 362 394 362 437##::9 g
382 389 382 430 457 389 457 430##::60 %
153 438 153 478 307 438 307 478##::콜레스테롤
306 437 306 476 392 437 392 476##::0 mg
397 430 397 469 459 430 459 469##:: 0 %
154 481 154 522 247 481 247 522##::단백질
251 482 251 523 312 482 312 523##::4 g
398 473 398 512 459 473 459 512##::7 %
148 525 148 550 174 525 174 550##::1일
178 528 178 552 249 528 249 552##::영양성분
254 525 254 547 324 525 324 547##::기준치에
323 525 323 547 361 525 361 547##::대한
364 519 364 542 441 519 441 542##::비율(%)은
144 550 144 568 241 550 241 568##::2,000 kcal
243 548 243 566 325 548 325 566##::기준이므로
326 544 326 565 382 544 382 565##::개인의
382 542 382 564 418 542 418 564##::필요
421 537 421 561 463 537 463 561##::열량에
146 568 146 589 181 568 181 589##::따라
180 567 180 590 221 567 221 590##::다를
222 566 222 587 243 566 243 587##::수
245 565 245 586 322 565 322 586##::있습니다.
