16 11 16 63 125 11 125 63##::영양정보
314 21 314 62 332 21 332 62##::총
336 20 336 61 396 20 396 61##::내용량
398 22 398 62 479 22 479 62##::200 mL
483 16 483 61 587 16 587 61##::125 kcal
14 63 14 102 59 63 59 102##::나트륨
63 66 63 111 127 66 127 111##::80 mg
129 66 129 104 164 66 164 104##::4%
168 67 168 112 233 67 233 112##::탄수화물
239 67 239 112 285 67 285 112##::19 g
286 66 286 108 321 66 321 108##::6%
327 68 327 108 360 68 360 108##::당류
368 66 368 113 408 66 408 113##::16 g
417 69 417 108 453 69 453 108##::16%
462 68 462 107 494 68 494 107##::지방
501 68 501 113 550 68 550 113##::3.2 g
552 65 552 110 586 65 586 110##::6%
13 114 13 154 90 114 90 154##::트랜스지방
90 115 90 159 121 115 121 159##::0 g
128 114 128 153 194 114 194 153##::포화지방
194 114 194 160 245 114 245 160##::2.0 g
246 114 246 154 285 114 285 154##::13%
288 114 288 156 374 114 374 156##::콜레스테롤
374 114 374 160 430 114 430 160##::10 mg
434 117 434 157 465 117 465 157##::3%
471 115 471 157 519 115 519 157##::단백질
521 114 521 159 554 114 554 159##::5 g
554 112 554 155 585 112 585 155##::9%
13 165 13 200 33 165 33 200##::1일
30 166 30 197 82 166 82 197##::영양성분
85 165 85 199 134 165 134 199##::기준치에
135 167 135 200 161 167 161 200##::대한
162 168 162 202 221 168 221 202##::비율(%)은
223 167 223 202 292 167 292 202##::2,000 kcal
295 168 295 202 356 168 356 202##::기준이므로
356 167 356 201 394 167 394 201##::개인의
393 167 393 199 420 167 420 199##::필요
421 168 421 204 459 168 459 204##::열량에
460 167 460 199 487 167 487 199##::따라
488 168 488 201 515 168 515 201##::다를
515 169 515 201 528 169 528 201##::수
531 169 531 202 581 169 581 202##::있습니다.
