19 8 19 37 124 8 124 37##::영양정보
422 3 422 24 444 3 444 24##::총
446 3 446 24 511 3 511 24##::내용량
515 5 515 24 578 5 578 24##::500 g
484 24 484 45 579 24 579 45##::48 kcal
20 54 20 74 75 54 75 74##::나트륨
79 55 79 77 148 55 148 77##::890 mg
160 55 160 73 210 55 210 73##::45 %
253 52 253 75 321 52 321 75##::탄수화물
321 52 321 76 353 52 353 76##::6 g
365 54 365 73 401 54 401 73##:: 2 %
448 53 448 74 484 53 484 74##::당류
485 53 485 75 517 53 517 75##::3 g
530 55 530 74 568 55 568 74##::3 %
19 86 19 107 57 86 57 107##::지방
57 86 57 108 90 86 90 108##::0 g
210 85 210 106 298 85 298 106##::트랜스지방
300 86 300 106 329 86 329 106##::0 g
387 85 387 105 456 85 456 105##::포화지방
458 84 458 107 489 84 489 107##::0 g
500 82 500 104 538 82 538 104##::0 %
13 117 13 143 105 117 105 143##::콜레스테롤
112 120 112 144 168 120 168 144##::13 mg
179 118 179 142 219 118 219 142##::4 %
342 116 342 142 396 116 396 142##::단백질
397 116 397 142 431 116 431 142##::5 g
443 115 443 138 492 115 492 138##::10 %
12 163 12 178 33 163 33 178##::1일
34 162 34 179 83 162 83 179##::영양성분
83 162 83 179 134 162 134 179##::기준치에
134 161 134 179 160 161 160 179##::대한
160 160 160 178 217 160 217 178##::비율(%)은
217 160 217 178 275 160 275 178##::2,000kcal
275 160 275 177 335 160 335 177##::기준이므로
335 159 335 177 372 159 372 177##::개인의
373 160 373 176 410 160 410 176##::필요의
410 159 410 178 436 159 436 178##::필요
437 159 437 176 473 159 473 176##::열량에
473 158 473 174 499 158 499 174##::따라
500 159 500 176 538 159 538 176##::다를수
541 160 541 176 592 160 592 176##::있습니다.
