23 34 23 70 136 34 136 70##::영양정보
415 21 415 51 438 21 438 51##::총
444 22 444 50 514 22 514 50##::내용량
519 21 519 50 571 21 571 50##::1.5 L
379 55 379 83 469 55 469 83##::100 ml당
474 50 474 86 571 50 571 86##::20 kcal
21 89 21 125 104 89 104 125##::나트륨
107 88 107 128 171 88 171 128##::3 mg
172 89 172 124 216 89 216 124##::0 %
223 86 223 125 333 86 333 125##::탄수화물
335 87 335 126 373 87 373 126##::5g
375 87 375 125 421 87 421 125##::2%
426 87 426 126 485 87 485 126##::당류
486 87 486 127 524 87 524 127##::5g
525 89 525 125 569 89 569 125##::5%
21 128 21 166 80 128 80 166##::지방
80 129 80 168 118 129 118 168##::0g
118 129 118 167 165 129 165 167##::0%
171 128 171 167 311 128 311 167##::트랜스지방
312 129 312 168 353 129 353 168##::0g
360 128 360 166 471 128 471 166##::포화지방
471 128 471 168 510 128 510 168##::0g
511 127 511 166 557 127 557 166##::0%
21 167 21 208 162 167 162 208##::콜레스테롤
170 173 170 208 231 173 231 208##::0mg
238 171 238 204 283 171 283 204##::0%
302 171 302 205 387 171 387 205##::단백질
394 169 394 207 431 169 431 207##::0g
438 170 438 203 482 170 482 203##::0%
25 212 25 239 57 212 57 239##::1일
64 213 64 239 153 213 153 239##::영양성분
162 213 162 240 250 213 250 240##::기준치에
257 213 257 238 303 213 303 238##::대한
308 211 308 239 407 211 407 239##::비율(%)은
414 213 414 236 520 213 520 236##::2,00 kcal
524 211 524 238 571 211 571 238##::기준
26 240 26 265 94 240 94 265##::이므로
100 240 100 266 166 240 166 266##::개인의
173 240 173 265 220 240 220 265##::필요
226 241 226 266 293 241 293 266##::열량에
300 239 300 264 345 239 345 264##::따라
351 240 351 265 398 240 398 265##::다를
404 238 404 265 428 238 428 265##::수
435 239 435 265 529 239 529 265##::있습니다.
