30 43 30 86 162 43 162 86##::영양정보
253 31 253 63 426 31 426 63##::총 내용량 930 mL
204 61 204 100 425 61 425 100##::100 mL당 36 kcal
31 110 31 138 120 110 120 138##::100 mL당
318 112 318 136 425 112 425 136##::1일 영양성분
270 133 270 161 424 133 424 161##::기준치에 대한 비율
31 171 31 205 111 171 111 205##::나트륨
195 168 195 203 295 168 295 203##::50 mg
367 168 367 205 425 168 425 205##::3 %
30 215 30 250 138 215 138 250##::탄수화물
241 216 241 250 292 216 292 250##::9 g
366 218 366 248 424 218 424 248##::3 %
56 260 56 292 115 260 115 292##::당류
244 257 244 293 292 257 292 293##::8 g
365 258 365 290 421 258 421 290##::8 %
29 302 29 335 88 302 88 335##::지방
239 304 239 335 290 304 290 335##::0 g
364 303 364 339 423 303 423 339##::0 %
57 345 57 381 187 345 187 381##::트랜스지방
239 342 239 381 296 342 296 381##::0 g
55 391 55 424 165 391 165 424##::포화지방
239 391 239 423 294 391 294 423##::0 g
364 389 364 419 421 389 421 419##::0 %
32 432 32 471 160 432 160 471##::콜레스테롤
210 433 210 462 293 433 293 462##::0 mg
361 434 361 467 421 434 421 467##::0 %
33 478 33 511 112 478 112 511##::단백질
241 478 241 511 295 478 295 511##::0 g
365 477 365 509 418 477 418 509##::0 %
34 520 34 547 413 520 413 547##::1일 영양성분 기준치에 대한 비율(%)은 2,000 kcal
33 543 33 571 427 543 427 571##::기준이므로 개인의 필요 열량에 따라 다를 수있습니다.
