80 45 80 83 197 45 197 83##::영양정보
371 38 371 64 511 38 511 64##::총 내용량907g
365 68 365 93 520 68 520 93##::100g 당 395kcal
75 113 75 147 176 113 176 147##::100 g 당
410 107 410 134 520 107 520 134##::1일 영양성분
361 134 361 158 518 134 518 158##::기준치에 대한 비율
74 172 74 199 147 172 147 199##::나트륨
265 173 265 202 338 173 338 202##::35 mg
469 173 469 198 523 173 523 198##::2 %
74 216 74 247 171 216 171 247##::탄수화물
280 217 280 248 336 217 336 248##::99 g
452 217 452 245 520 217 520 245##::31 %
76 263 76 293 133 263 133 293##::당류
280 264 280 292 343 264 343 292##::96 g
454 261 454 291 521 261 521 291##::96 %
77 303 77 337 133 303 133 337##::지방
294 308 294 337 340 308 340 337##::0 g
470 302 470 338 519 302 519 338##::0 %
78 348 78 380 197 348 197 380##::트랜스지방
295 348 295 380 336 348 336 380##::0 g
74 396 74 425 176 396 176 425##::포화지방
301 398 301 427 338 398 338 427##::0 g
467 394 467 426 522 394 522 426##::0 %
76 436 76 468 195 436 195 468##::콜레스테롤
280 440 280 471 336 440 336 471##::0 mg
464 438 464 469 520 438 520 469##::0 %
77 482 77 514 152 482 152 514##::단백질
294 487 294 512 336 487 336 512##::0 g
471 486 471 513 518 486 518 513##::0 %
80 522 80 547 472 522 472 547##::1일 영양성분 기준치에 대한 비율(%)은 2,000 kcal
80 548 80 571 498 548 498 571##::기준이므로 개인의 필요 열량에 따라 다를 수 있습니다.
