25 16 25 81 158 16 158 81##::영양정보
178 17 178 49 307 17 307 49##::총 내용량 190 ml
215 48 215 86 308 48 308 86##::65 kcal
31 89 31 129 138 89 138 129##::총 내용량당
211 88 211 117 306 88 306 117##::1일 영양성분
174 112 174 141 305 112 305 141##::기준치에 대한 비율
24 140 24 190 187 140 187 190##::나트륨 24 mg
248 143 248 186 305 143 305 186##::1 %
21 188 21 239 188 188 188 239##::탄수화물 16 g
248 191 248 234 302 191 302 234##::5 %
33 235 33 288 149 235 149 288##::당류 15 g
228 240 228 284 307 240 307 284##::15 %
24 286 24 334 126 286 126 334##::지방 0 g
251 289 251 335 305 289 305 335##::0 %
34 337 34 386 204 337 204 386##::트랜스지방 0 g
34 382 34 433 177 382 177 433##::포화지방 0 g
249 386 249 429 304 386 304 429##::0 %
22 430 22 483 216 430 216 483##::콜레스테롤 0 mg
249 434 249 480 307 434 307 480##::0 %
21 477 21 527 143 477 143 527##::단백질 0 g
248 484 248 525 303 484 303 525##::0 %
16 527 16 561 305 527 305 561##::1일 영양성분 기준치에 대한 비율(%)은 2,000kcal
14 553 14 586 310 553 310 586##::기준이므로 개인의 필요 열량에 따라 다를 수 있습니다.
