19 19 19 59 145 19 145 59##::영양정보
432 8 432 42 580 8 580 42##::총 내용량 60 g
485 40 485 73 581 40 581 73##::291 kcal
13 75 13 113 219 75 219 113##::나트륨 170 mg 9%
222 79 222 111 426 79 426 111##::탄수화물 44 g 14%
430 79 430 112 588 79 588 112##::당류 20 g 20%
14 120 14 149 178 120 178 149##::지방 11 g 20 %
207 121 207 151 356 121 356 151##::트랜스지방 0 g
400 123 400 151 588 123 588 151##::포화지방 6 g 40 %
15 157 15 189 237 157 237 189##::콜레스테롤 0 mg 0 %
254 161 254 192 409 161 409 192##::단백질 4 g 7 %
16 205 16 236 485 205 485 236##::1일 영양성분 기준치에 대한 비율(%)은 2,000 kcal
20 233 20 267 508 233 508 267##::기준이므로 개인의 필요 열량에 따라 다를 수 있습니다.
