25 31 25 96 222 31 222 96##::영양정보
265 22 265 67 469 22 469 67##::총 내용량 217 g
328 62 328 111 474 62 474 111##::855 kcal
32 116 32 150 147 116 147 150##::총 내용량당
174 112 174 154 472 112 472 154##::1일 영양성분 기준치에 대한 비율
35 153 35 195 227 153 227 195##::나트륨 0 mg
406 155 406 193 473 155 473 193##::0 %
28 196 28 243 273 196 273 243##::탄수화물 210 g
392 200 392 242 471 200 471 242##::65 %
61 244 61 290 241 244 241 290##::당류 169 g
374 245 374 288 469 245 469 288##::169 %
30 292 30 334 203 292 203 334##::지방 1.1 g
402 293 402 337 475 293 475 337##::2 %
60 340 60 383 278 340 278 383##::트랜스지방 0 g
58 388 58 433 282 388 282 433##::포화지방 0.9 g
411 386 411 432 476 386 476 432##::6 %
30 433 30 480 286 433 286 480##::콜레스테롤 0 mg
409 434 409 473 469 434 469 473##::0 %
32 483 32 529 232 483 232 529##::단백질 0.7 g
412 483 412 522 474 483 474 522##::1 %
31 533 31 562 468 533 468 562##::1일 영양성분 기준치에 대한 비율(%)은 2,000kcal 기준이므로
26 555 26 585 337 555 337 585##::개인의 필요 열량에 따라 다를 수 있습니다.
