18 34 18 80 102 34 102 80##::영양정보
162 18 162 57 298 18 298 57##::총 내용량 350 mL
216 54 216 95 298 54 298 95##::148 kcal
16 112 16 157 111 112 111 157##::총 내용량당
199 96 199 134 297 96 297 134##::1일 영양성분
153 133 153 168 303 133 303 168##::기준치에 대한 비율
17 173 17 210 128 173 128 210##::나트륨 5 mg
262 171 262 207 301 171 301 207##::0 %
17 208 17 249 135 208 135 249##::탄수화물 37 g
258 208 258 244 299 208 299 244##::11 %
32 248 32 291 115 248 115 291##::당류 36 g
257 247 257 285 302 247 302 285##::36 %
21 289 21 326 98 289 98 326##::지방 0 g
268 287 268 322 306 287 306 322##::0 %
31 323 31 366 162 323 162 366##::트랜스지방 0 g
33 368 33 406 143 368 143 406##::포화지방 0 g
265 363 265 400 309 363 309 400##::0 %
16 404 16 445 165 404 165 445##::콜레스테롤 0 mg
263 402 263 437 303 402 303 437##::0 %
22 445 22 483 110 445 110 483##::단백질 0 g
268 440 268 477 304 440 304 477##::0 %
17 483 17 519 306 483 306 519##::1일 영양성분 기준치에 대한 비율(%)
17 515 17 551 303 515 303 551##::은 2,000 kcal 기준이므로 개인의 필요
17 548 17 592 255 548 255 592##::열량에 따라 다를 수 있습니다.
