10 16 10 66 163 16 163 66##::영양정보
110 68 110 116 311 68 311 116##::총 내용량 1,000 g
107 104 107 148 311 104 311 148##::100 g당 175 kcal
18 160 18 196 98 160 98 196##::100 g 당
193 146 193 179 310 146 310 179##::1일 영양성분
139 173 139 204 313 173 313 204##::기준치에 대한 비율
20 206 20 245 196 206 196 245##::나트륨 115 mg
259 206 259 242 309 206 309 242##::6 %
14 245 14 285 182 245 182 285##::탄수화물 29 g
260 246 260 283 308 246 308 283##::9 %
35 285 35 322 138 285 138 322##::당류 9 g
258 288 258 323 308 288 308 323##::9 %
19 325 19 363 125 325 125 363##::지방 5 g
260 324 260 363 314 324 314 363##::9 %
35 361 35 402 206 361 206 402##::트랜스지방 0 g
39 403 39 441 202 403 202 441##::포화지방 0.9 g
258 404 258 441 311 404 311 441##::6 %
18 440 18 480 211 440 211 480##::콜레스테롤 0 mg
263 442 263 475 312 442 312 475##::0 %
19 480 19 517 153 480 153 517##::단백질 2 g
261 480 261 516 311 480 311 516##::4 %
13 517 13 543 304 517 304 543##::1일 영양성분 기준치에 대한 비율(%)은
8 537 8 568 317 537 317 568##::2,000 kcal 기준이므로 개인의 필요 열량에
4 563 4 592 183 563 183 592##::따라 다를 수 있습니다.
