19 35 19 88 167 35 167 88##::영양정보
212 19 212 61 420 19 420 61##::총 내용량 1,000 g
198 56 198 101 423 56 423 101##::100 g 당 275 kcal
25 117 25 160 130 117 130 160##::100 g 당
312 112 312 140 417 112 417 140##::1일 영양성분
266 134 266 163 417 134 417 163##::기준치에 대한 비율
21 166 21 206 102 166 102 206##::나트륨
179 168 179 210 283 168 283 210##::500 mg
336 170 336 208 412 170 412 208##::25 %
23 210 23 252 128 210 128 252##::탄수화물
220 212 220 253 282 212 282 253##::31 g
334 215 334 250 413 215 413 250##::10 %
53 254 53 295 114 254 114 295##::당류
237 257 237 295 284 257 284 295##::6 g
353 258 353 297 412 258 412 297##::6 %
25 299 25 337 87 299 87 337##::지방
226 302 226 338 282 302 282 338##::12 g
335 299 335 336 410 299 410 336##::22 %
40 340 40 381 172 340 172 381##::트랜스지방
213 340 213 383 341 340 341 383##::0.5 g미만
41 383 41 423 145 383 145 423##::포화지방
210 381 210 425 289 381 289 425##::2.3 g
343 384 343 420 419 384 419 420##::15 %
25 429 25 466 159 429 159 466##::콜레스테롤
191 424 191 469 287 424 287 469##::1.3 mg
355 429 355 466 414 429 414 466##::0 %
25 468 25 510 109 468 109 510##::단백질
221 471 221 509 291 471 291 509##::10 g
341 467 341 507 414 467 414 507##::18 %
20 522 20 550 423 522 423 550##::1일 영양성분 기준치에 대한 비율(%) 2,000 kcal
21 548 21 576 424 548 424 576##::기준이므로 개인의 필요 열량에 따라 다를 수 있습니다.
