box_1:[32 161 45 87]
box_2:[254 277 34 61]
box_3:[279 342 34 62]
box_4:[344 426 34 60]
box_5:[205 329 64 100]
box_6:[331 424 64 98]
box_7:[32 120 112 135]
box_8:[320 349 114 135]
box_9:[352 423 113 137]
box_10:[272 344 137 161]
box_11:[348 385 138 160]
box_12:[388 422 138 161]
box_13:[32 110 171 204]
box_14:[197 292 171 202]
box_15:[365 421 172 204]
box_16:[31 135 215 250]
box_17:[243 292 215 247]
box_18:[368 421 219 247]
box_19:[57 111 260 291]
box_20:[243 290 260 289]
box_21:[367 420 260 289]
box_22:[31 87 303 335]
box_23:[241 294 303 335]
box_24:[364 420 302 333]
box_25:[57 183 343 380]
box_26:[240 292 346 375]
box_27:[58 164 391 424]
box_28:[239 291 386 422]
box_29:[365 420 389 421]
box_30:[29 158 434 467]
box_31:[213 291 434 465]
box_32:[365 419 437 464]
box_33:[33 111 477 510]
box_34:[238 290 479 508]
box_35:[362 420 478 510]
box_36:[33 63 520 544]
box_37:[64 129 522 546]
box_38:[130 200 522 547]
box_39:[201 236 524 547]
box_40:[237 321 522 547]
box_41:[322 410 524 545]
box_42:[33 115 544 567]
box_43:[116 168 546 569]
box_44:[169 204 546 568]
box_45:[206 258 547 569]
box_46:[261 293 547 569]
box_47:[296 331 549 571]
box_48:[334 351 547 568]
box_49:[351 426 546 567]
