box_1:[80 197 48 83]
box_2:[372 394 37 61]
box_3:[401 461 38 60]
box_4:[461 513 40 63]
box_5:[365 411 70 93]
box_6:[417 437 68 90]
box_7:[442 523 68 91]
box_8:[80 141 120 143]
box_9:[149 171 119 143]
box_10:[412 441 108 133]
box_11:[446 520 109 130]
box_12:[362 433 136 156]
box_13:[442 476 135 155]
box_14:[481 518 136 155]
box_15:[79 149 174 199]
box_16:[272 333 175 203]
box_17:[471 515 176 199]
box_18:[79 170 218 247]
box_19:[287 337 223 247]
box_20:[459 519 223 246]
box_21:[78 126 263 290]
box_22:[286 335 268 290]
box_23:[457 519 265 289]
box_24:[77 127 307 334]
box_25:[300 336 309 335]
box_26:[472 517 305 335]
box_27:[80 198 348 379]
box_28:[299 333 352 377]
box_29:[78 174 397 422]
box_30:[298 336 401 427]
box_31:[472 519 398 424]
box_32:[80 195 437 469]
box_33:[281 338 444 467]
box_34:[469 521 441 467]
box_35:[80 151 485 511]
box_36:[301 334 488 512]
box_37:[471 519 485 511]
box_38:[79 107 525 542]
box_39:[112 182 524 543]
box_40:[185 254 523 545]
box_41:[257 292 524 544]
box_42:[298 377 524 542]
box_43:[382 472 524 543]
box_44:[77 162 550 565]
box_45:[168 218 550 566]
box_46:[225 259 550 567]
box_47:[266 315 550 566]
box_48:[320 355 551 566]
box_49:[361 395 550 567]
box_50:[403 416 550 567]
box_51:[424 498 548 566]
