box_1:[23 156 19 81]
box_2:[177 196 17 50]
box_3:[198 248 18 47]
box_4:[251 310 18 48]
box_5:[217 307 50 86]
box_6:[30 51 92 125]
box_7:[53 135 94 126]
box_8:[217 241 91 115]
box_9:[244 303 90 114]
box_10:[175 236 114 140]
box_11:[239 269 115 140]
box_12:[272 305 114 139]
box_13:[25 98 142 183]
box_14:[102 183 143 188]
box_15:[252 300 146 184]
box_16:[26 121 191 232]
box_17:[126 185 194 238]
box_18:[250 304 196 234]
box_19:[35 85 239 283]
box_20:[90 147 241 286]
box_21:[238 303 245 282]
box_22:[23 73 289 330]
box_23:[78 120 289 332]
box_24:[251 301 291 330]
box_25:[35 153 337 381]
box_26:[158 201 339 383]
box_27:[35 128 385 428]
box_28:[133 179 388 429]
box_29:[251 302 389 424]
box_30:[23 141 432 476]
box_31:[146 210 437 480]
box_32:[250 301 438 475]
box_33:[22 94 482 523]
box_34:[99 143 484 527]
box_35:[253 300 484 523]
box_36:[18 40 531 555]
box_37:[41 92 531 556]
box_38:[94 143 534 558]
box_39:[145 170 534 558]
box_40:[171 236 534 558]
box_41:[235 302 535 557]
box_42:[20 77 557 581]
box_43:[80 116 559 583]
box_44:[118 143 560 583]
box_45:[145 182 560 584]
box_46:[183 209 560 584]
box_47:[209 236 560 584]
box_48:[239 252 560 584]
box_49:[254 304 561 583]
