box_1:[21 143 20 58]
box_2:[430 457 10 39]
box_3:[462 525 11 38]
box_4:[531 583 11 42]
box_5:[489 582 45 70]
box_6:[16 83 78 107]
box_7:[87 171 80 110]
box_8:[174 217 81 107]
box_9:[224 309 81 109]
box_10:[315 367 81 109]
box_11:[371 425 80 109]
box_12:[430 473 82 109]
box_13:[477 527 82 111]
box_14:[532 588 81 109]
box_15:[16 61 123 149]
box_16:[67 117 124 152]
box_17:[119 175 124 148]
box_18:[208 316 121 152]
box_19:[321 355 123 152]
box_20:[400 488 123 151]
box_21:[492 529 124 152]
box_22:[531 588 123 149]
box_23:[16 124 159 189]
box_24:[128 186 159 190]
box_25:[190 233 160 187]
box_26:[254 319 161 189]
box_27:[325 359 161 190]
box_28:[363 409 160 188]
box_29:[21 54 208 231]
box_30:[58 138 208 232]
box_31:[144 225 207 232]
box_32:[230 270 208 233]
box_33:[274 369 207 233]
box_34:[374 483 209 234]
box_35:[21 119 235 260]
box_36:[124 185 234 259]
box_37:[190 230 235 261]
box_38:[235 296 235 261]
box_39:[301 344 237 261]
box_40:[348 389 236 261]
box_41:[393 416 235 261]
box_42:[421 504 236 262]
