box_1:[30 224 35 98]
box_2:[267 302 24 63]
box_3:[304 384 27 64]
box_4:[387 469 29 65]
box_5:[330 468 66 107]
box_6:[33 56 121 147]
box_7:[60 144 120 147]
box_8:[177 210 120 145]
box_9:[215 294 119 145]
box_10:[299 378 119 147]
box_11:[383 423 121 147]
box_12:[428 467 122 148]
box_13:[35 128 156 193]
box_14:[136 222 155 193]
box_15:[412 470 157 194]
box_16:[37 156 199 240]
box_17:[165 271 201 240]
box_18:[394 467 199 239]
box_19:[58 124 249 285]
box_20:[132 232 248 285]
box_21:[376 468 244 288]
box_22:[34 100 290 332]
box_23:[107 198 293 335]
box_24:[409 468 296 334]
box_25:[60 216 341 381]
box_26:[219 281 340 381]
box_27:[60 183 389 425]
box_28:[190 280 390 431]
box_29:[410 469 390 425]
box_30:[35 189 435 477]
box_31:[197 286 436 476]
box_32:[410 468 435 473]
box_33:[34 128 481 522]
box_34:[135 227 483 524]
box_35:[415 466 484 519]
box_36:[33 60 536 557]
box_37:[63 127 537 558]
box_38:[130 197 538 560]
box_39:[199 231 537 560]
box_40:[234 308 539 560]
box_41:[310 387 537 559]
box_42:[391 467 537 557]
box_43:[31 81 560 579]
box_44:[84 116 561 580]
box_45:[121 171 560 583]
box_46:[173 205 561 580]
box_47:[209 240 559 584]
box_48:[242 260 561 581]
box_49:[265 331 562 582]
