box_1:[30 165 19 64]
box_2:[429 451 15 44]
box_3:[453 515 16 44]
box_4:[518 579 15 48]
box_5:[404 483 45 73]
box_6:[487 580 45 76]
box_7:[16 83 73 105]
box_8:[85 168 75 107]
box_9:[176 237 76 105]
box_10:[248 332 77 108]
box_11:[333 383 77 109]
box_12:[390 440 80 107]
box_13:[448 494 78 108]
box_14:[496 532 79 110]
box_15:[539 586 81 108]
box_16:[17 60 111 141]
box_17:[64 120 111 142]
box_18:[129 176 111 141]
box_19:[190 292 112 144]
box_20:[294 332 113 143]
box_21:[345 427 113 145]
box_22:[431 486 115 145]
box_23:[495 535 117 144]
box_24:[16 124 148 176]
box_25:[127 179 148 177]
box_26:[188 233 148 176]
box_27:[248 313 148 179]
box_28:[316 352 148 179]
box_29:[356 406 150 179]
box_30:[17 38 184 201]
box_31:[39 88 184 201]
box_32:[90 141 182 201]
box_33:[142 168 183 202]
box_34:[170 232 184 202]
box_35:[231 298 184 203]
box_36:[298 355 184 201]
box_37:[356 390 184 203]
box_38:[394 416 184 204]
box_39:[418 455 186 203]
box_40:[457 479 186 205]
box_41:[481 506 186 205]
box_42:[507 519 187 204]
box_43:[519 572 186 206]
