box_1:[18 100 32 78]
box_2:[163 186 22 60]
box_3:[185 238 20 57]
box_4:[239 297 22 57]
box_5:[221 301 58 94]
box_6:[20 39 117 154]
box_7:[39 106 114 153]
box_8:[201 229 99 134]
box_9:[229 299 100 132]
box_10:[157 222 135 166]
box_11:[226 263 135 168]
box_12:[263 297 135 169]
box_13:[20 73 173 209]
box_14:[75 121 170 211]
box_15:[266 298 174 207]
box_16:[22 88 211 248]
box_17:[94 131 212 248]
box_18:[258 299 209 246]
box_19:[34 71 251 289]
box_20:[75 113 251 288]
box_21:[258 301 250 285]
box_22:[20 57 291 323]
box_23:[60 93 291 327]
box_24:[265 302 287 319]
box_25:[36 121 329 363]
box_26:[122 154 329 368]
box_27:[36 102 367 401]
box_28:[103 139 366 405]
box_29:[268 304 364 400]
box_30:[20 108 406 442]
box_31:[108 161 405 443]
box_32:[268 303 402 435]
box_33:[21 76 445 483]
box_34:[75 107 445 483]
box_35:[264 301 441 475]
box_36:[19 49 491 524]
box_37:[51 121 486 520]
box_38:[126 195 483 514]
box_39:[201 234 480 515]
box_40:[237 303 482 517]
box_41:[22 39 522 557]
box_42:[44 125 524 553]
box_43:[127 211 517 545]
box_44:[211 263 517 547]
box_45:[267 302 519 548]
box_46:[22 74 557 589]
box_47:[78 115 553 586]
box_48:[116 150 550 584]
box_49:[152 176 546 583]
box_50:[177 250 549 582]
