box_1:[11 164 18 68]
box_2:[108 139 66 104]
box_3:[142 216 68 107]
box_4:[222 304 72 114]
box_5:[113 204 104 143]
box_6:[205 308 107 148]
box_7:[19 94 162 196]
box_8:[194 230 150 176]
box_9:[232 310 150 180]
box_10:[141 221 175 202]
box_11:[225 266 174 204]
box_12:[269 310 176 206]
box_13:[19 93 209 239]
box_14:[104 190 208 244]
box_15:[263 310 209 243]
box_16:[19 118 250 283]
box_17:[127 181 250 284]
box_18:[260 308 250 283]
box_19:[34 86 286 317]
box_20:[92 138 289 325]
box_21:[260 308 288 321]
box_22:[22 70 327 359]
box_23:[80 120 326 361]
box_24:[262 311 327 359]
box_25:[37 153 365 398]
box_26:[166 206 362 401]
box_27:[36 135 402 437]
box_28:[143 206 404 440]
box_29:[257 309 406 437]
box_30:[19 140 441 476]
box_31:[150 213 443 481]
box_32:[259 312 442 478]
box_33:[22 98 479 515]
box_34:[105 147 481 516]
box_35:[261 314 482 516]
box_36:[11 40 520 543]
box_37:[42 111 518 542]
box_38:[115 182 519 543]
box_39:[183 218 519 542]
box_40:[222 302 517 543]
box_41:[7 89 540 564]
box_42:[92 174 540 563]
box_43:[176 223 540 570]
box_44:[225 258 543 566]
box_45:[263 317 542 566]
box_46:[11 50 565 585]
box_47:[50 86 564 587]
box_48:[86 108 563 588]
box_49:[107 184 564 592]
