box_1:[17 170 34 88]
box_2:[210 239 23 60]
box_3:[243 318 25 59]
box_4:[323 423 25 61]
box_5:[197 300 63 99]
box_6:[305 418 62 95]
box_7:[23 128 117 158]
box_8:[311 342 114 138]
box_9:[345 412 112 138]
box_10:[268 337 137 162]
box_11:[339 377 137 162]
box_12:[377 415 137 161]
box_13:[25 104 167 206]
box_14:[181 286 168 209]
box_15:[334 410 170 204]
box_16:[25 128 211 249]
box_17:[219 285 214 254]
box_18:[338 409 216 250]
box_19:[56 111 255 293]
box_20:[235 287 257 294]
box_21:[353 412 261 294]
box_22:[25 80 299 335]
box_23:[225 283 303 337]
box_24:[337 412 304 335]
box_25:[45 169 342 379]
box_26:[215 335 342 377]
box_27:[41 146 386 421]
box_28:[215 284 386 420]
box_29:[344 411 389 418]
box_30:[30 157 429 463]
box_31:[198 285 430 462]
box_32:[356 414 428 463]
box_33:[28 105 471 507]
box_34:[227 289 471 507]
box_35:[346 414 470 502]
box_36:[23 53 522 549]
box_37:[55 126 523 549]
box_38:[127 197 525 548]
box_39:[199 234 521 547]
box_40:[237 325 520 545]
box_41:[327 418 519 545]
box_42:[23 106 550 576]
box_43:[106 159 547 576]
box_44:[161 196 547 575]
box_45:[196 249 547 573]
box_46:[250 286 547 571]
box_47:[289 326 547 571]
box_48:[326 344 546 571]
box_49:[349 420 544 574]
