14 20 130 20 130 58 14 58##::영양정보
306 13 329 13 329 41 306 41##::총
333 13 400 13 400 42 333 42##::내용량
400 13 430 13 430 38 400 38##::64
432 13 484 13 484 42 432 42##::8 ( 32
484 14 582 12 583 40 485 43##::8x2봉지 )
350 40 441 40 441 66 350 66##::1봉지 ( 32
444 41 489 41 489 69 444 69##::잉 ) 당
493 40 536 40 536 65 493 65##::160
537 41 584 41 584 65 537 65##::kcal
18 72 81 72 81 98 18 98##::나트륨
86 73 130 73 130 97 86 97##::190
133 76 169 76 169 100 133 100##::mg
173 73 202 73 202 97 173 97##::10
204 73 228 73 228 97 204 97##::%
246 72 330 72 330 98 246 98##::탄수화물
334 73 365 73 365 97 334 97##::20
364 75 429 69 432 96 367 102##::86 %
450 71 579 73 578 102 450 100##::당류4용4 %
18 102 104 105 103 133 17 131##::지방8g
105 105 137 105 137 129 105 129##::15
138 105 161 105 161 128 138 128##::%
200 104 305 104 305 132 200 132##::트랜스지방
309 103 348 108 344 134 305 129##::08
378 104 461 104 461 132 378 132##::포화지방
466 101 523 108 520 134 463 128##::4. 2용
522 105 553 105 553 129 522 129##::28
557 106 578 106 578 129 557 129##::%
18 136 122 136 122 162 18 162##::콜레스테롤
128 138 144 138 144 161 128 161##::0
148 140 184 140 184 164 148 164##::mg
185 137 229 137 229 161 185 161##::0 %
244 134 369 137 369 164 243 162##::단백질2용4
370 137 393 137 393 160 370 160##::%
17 170 50 170 50 196 17 196##::1일
54 169 134 169 134 196 54 196##::영양성분
140 170 220 170 220 194 140 194##::기준치에
224 170 266 170 266 194 224 194##::대한
269 169 362 169 362 196 269 196##::비율 ( % ) 은
368 172 425 172 425 194 368 194##::2, 000
428 173 472 173 472 194 428 194##::KCal
476 169 573 169 573 194 476 194##::기준이므로
16 194 77 194 77 220 16 220##::개인의
81 194 181 194 181 220 81 220##::필요열량에
185 194 228 194 228 218 185 218##::따라
230 194 273 194 273 220 230 220##::다를
274 196 298 196 298 220 274 220##::수
301 193 388 193 388 220 301 220##::있습니다.
