21 28 213 28 213 94 21 94##::영양정보
418 21 444 21 444 56 418 56##::총
446 20 518 20 518 58 446 58##::내용량
521 24 562 24 562 56 521 56##::160
566 32 581 32 581 58 566 58##::9
461 61 517 61 517 101 461 101##::520
522 64 584 64 584 102 522 102##::kcal
14 113 84 113 84 154 14 154##::나름툴
85 116 148 116 148 154 85 154##::1, 090
149 124 186 124 186 158 149 158##::mg
189 118 220 118 220 154 189 154##::55
222 118 245 118 245 152 222 152##::%
248 113 338 113 338 156 248 156##::반수회물
341 117 366 117 366 152 341 152##::21
366 115 485 114 485 157 366 158##::96 %
485 117 557 117 557 158 485 158##::11. 11
558 118 581 118 581 153 558 153##::%
13 169 62 169 62 212 13 212##::지방
68 168 123 179 116 217 60 206##::42이
118 173 150 173 150 209 118 209##::78
152 174 176 174 176 208 152 208##::%
196 169 308 169 308 212 196 212##::트래스지방
309 174 352 174 352 214 309 214##::0입
369 170 461 170 461 212 369 212##::포화지방
461 174 510 174 510 214 461 214##::17입
509 172 549 172 549 210 509 210##::113
550 174 573 174 573 208 550 208##::%
12 226 125 224 125 267 13 269##::콜례스레틀
128 228 173 228 173 265 128 265##::205
176 234 213 234 213 269 176 269##::mg
216 228 248 228 248 265 216 265##::68
250 230 273 230 273 262 250 262##::%
301 225 370 225 370 268 301 268##::단백질
370 228 421 228 421 269 370 269##::14입
422 229 453 229 453 265 422 265##::25
457 230 478 230 478 262 457 262##::%
13 281 36 281 36 310 13 310##::1일
36 281 88 281 88 313 36 313##::영양성분
86 281 140 281 140 312 86 312##::기준치에
138 280 225 280 225 310 138 310##::대한비울 ( 없 ) 은
224 281 261 281 261 309 224 309##::2000
260 284 289 284 289 308 260 308##::kail
288 281 350 281 350 310 288 310##::기준이민료
350 281 390 281 390 310 350 310##::개인의
390 281 418 281 418 312 390 312##::필요
417 281 458 281 458 312 417 312##::열량에
456 281 512 281 512 309 456 309##::따라다를
513 282 526 282 526 308 513 308##::수
528 280 582 280 582 312 528 312##::있습니다.
