21 29 150 29 150 85 21 85##::영양젱보
192 20 213 20 213 57 192 57##::
214 17 277 17 277 58 214 58##::내용량
277 21 317 21 317 54 277 54##::835
318 22 349 22 349 54 318 54##::mL
188 60 222 60 222 93 188 93##::100
224 60 273 60 273 96 224 96##::m2량
273 60 308 60 308 93 273 93##::172
308 60 352 60 352 93 308 93##::kea
238 100 270 100 270 137 238 137##::1일
270 98 350 98 350 140 270 140##::영양성분
32 122 77 122 77 157 32 157##::100
80 122 142 122 142 161 80 161##::mL당
184 138 264 138 264 176 184 176##::기준치에
264 137 308 137 308 174 264 174##::대한
306 137 350 137 350 177 306 177##::비율
30 182 100 182 100 218 30 218##::나트륨
114 185 153 185 153 217 114 217##::127
157 190 193 190 193 218 157 218##::mg
295 180 352 182 351 215 293 213##::6 %
30 224 122 224 122 262 30 262##::탄수화물
137 228 170 228 170 260 137 260##::42
172 236 189 236 189 262 172 262##::9
284 225 318 225 318 257 284 257##::13
324 225 350 225 350 256 324 256##::%
46 268 96 268 96 305 46 305##::당류
109 270 140 270 140 302 109 302##::27
142 278 160 278 160 305 142 305##::9
282 268 320 268 320 300 282 300##::27
324 269 350 269 350 298 324 298##::%
32 310 80 310 80 345 32 345##::지방
90 310 135 317 130 350 85 343##::0g
296 310 320 310 320 338 296 338##::0
324 309 352 309 352 338 324 338##::%
49 353 166 353 166 389 49 389##::트랜스지방
180 356 224 356 224 390 180 390##::0g
49 396 143 398 142 434 48 431##::포화지방
160 400 204 400 204 434 160 434##::0g
296 398 320 398 320 426 296 426##::0
324 397 352 397 352 428 324 428##::%
33 438 148 438 148 473 33 473##::콜레스테롤
161 439 224 445 221 474 159 468##::0mg
296 440 318 440 318 468 296 468##::0
324 440 350 440 350 468 324 468##::%
33 476 103 478 102 512 32 510##::단백질
117 478 161 486 155 515 112 507##::0g
301 482 318 482 318 508 301 508##::1
324 478 350 478 350 508 324 508##::%
22 517 46 517 46 548 22 548##::1일
45 516 107 516 107 553 45 553##::영양성분
108 518 172 518 172 552 108 552##::기준치에
170 518 206 518 206 552 170 552##::대한
204 517 280 517 280 552 204 552##::비율 ( % ) 은
277 518 325 518 325 550 277 550##::2, 000
324 521 358 521 358 548 324 548##::kea
22 550 90 550 90 582 22 582##::기준이므로
89 552 136 552 136 584 89 584##::개인의
133 552 166 552 166 585 133 585##::필요
165 552 213 552 213 585 165 585##::열량에
210 550 278 550 278 584 210 584##::따라다를
278 552 296 552 296 584 278 584##::수
296 550 360 550 360 585 296 585##::있습니다.
