13 21 196 21 196 92 13 92##::영양정보
433 20 530 20 530 53 433 53##::층내용량
530 22 585 22 585 56 530 56##::100g
441 56 516 56 516 101 441 101##::525
518 57 585 57 585 102 518 102##::kea
12 106 65 106 65 156 12 156##::나트륨
61 108 102 108 102 150 61 150##::190
102 112 140 112 140 154 102 154##::mg
140 110 172 110 172 152 140 152##::10
173 112 197 112 197 150 173 150##::%
225 107 326 109 325 161 224 159##::탄수화물
324 112 430 112 430 160 324 160##::3099 %
454 110 572 110 572 161 454 161##::당류696 %
12 157 49 157 49 202 12 202##::지방
42 158 118 158 118 206 42 206##::30g56
117 162 140 162 140 200 117 200##::%
191 157 354 163 352 214 189 207##::트랜스지방0g
400 162 492 162 492 212 400 212##::포화지방
486 165 572 162 574 209 488 213##::3920 %
12 204 100 208 98 258 10 254##::콜레스테롤
97 213 128 213 128 253 97 253##::95
126 212 201 212 201 257 126 257##::mg32
202 213 226 213 226 253 202 253##::%
277 212 353 212 353 262 277 262##::단백질
352 214 444 216 443 262 351 260##::33g60
444 217 468 217 468 256 444 256##::%
12 260 70 260 70 293 12 293##::1일영양성분
68 262 119 264 118 296 66 294##::기준치에
114 263 213 265 213 298 114 297##::대한비율 ( % ) 은
209 268 256 268 256 297 209 297##::2, 000
253 269 288 269 288 296 253 296##::kcal
286 268 361 268 361 300 286 300##::기준이므로
360 269 406 269 406 301 360 301##::개인의
404 270 437 270 437 301 404 301##::필요
434 269 530 269 530 301 434 301##::열량에따라다를
528 270 541 270 541 297 528 297##::수
538 269 586 267 587 298 540 300##::있습니다.
