16 17 166 17 166 64 16 64##::영양정되
254 24 284 24 284 56 254 56##::총
288 24 368 24 368 56 288 56##::내용량
374 25 410 25 410 52 374 52##::74
413 28 434 28 434 56 413 56##::
438 25 456 25 456 54 438 54##::/
458 22 510 22 510 53 458 53##::384
514 25 574 23 575 51 514 52##::koil
13 69 93 69 93 101 13 101##::나트륨
100 69 144 69 144 96 100 96##::170
151 72 190 75 188 100 149 97##::mg
216 70 234 70 234 94 216 94##::9
240 69 265 69 265 94 240 94##::%
309 65 416 65 416 98 309 98##::탄수화물
420 66 454 66 454 94 420 94##::49
458 73 478 73 478 96 458 96##::9
492 66 524 66 524 94 492 94##::15
526 68 553 68 553 93 526 93##::%
17 100 70 100 70 133 17 133##::당류
73 101 109 101 109 128 73 128##::24
113 108 133 108 133 130 113 130##::9
148 100 184 100 184 128 148 128##::24
188 100 213 100 213 126 188 126##::%
257 97 313 97 313 129 257 129##::지방
316 98 352 98 352 126 316 126##::20
357 106 376 106 376 129 357 129##::9
392 98 424 98 424 125 392 125##::37
429 100 454 100 454 124 429 124##::%
18 130 147 128 148 161 18 162##::트랜스지방
152 131 198 133 196 162 150 159##::0g
244 126 350 126 350 160 244 160##::포화지방
352 128 374 128 374 156 352 156##::9
377 134 397 134 397 157 377 157##::9
410 128 446 128 446 156 410 156##::60
452 129 477 129 477 154 452 154##::%
36 161 66 161 66 190 36 190##::레
68 161 116 161 116 188 68 188##::스테
153 161 184 161 184 189 153 189##::10
191 164 233 167 231 191 189 188##::mg
248 162 266 162 266 188 248 188##::3
270 161 297 161 297 186 270 186##::%
341 156 446 156 446 186 341 186##::단백질2
448 165 469 165 469 189 448 189##::9
485 161 505 161 505 185 485 185##::4
506 158 533 158 533 185 506 185##::%
14 196 48 196 48 218 14 218##::1일
50 194 197 194 197 220 50 220##::영양성분기준치에
200 193 240 193 240 217 200 217##::대한
242 192 330 192 330 217 242 217##::비율 ( % ) 은
334 194 349 194 349 214 334 214##::2
356 194 396 194 396 216 356 216##::000
398 193 532 193 532 216 398 216##::kcal기준이므로
14 216 70 216 70 241 14 241##::개인의
74 216 113 216 113 240 74 240##::필요
117 216 174 216 174 240 117 240##::열량에
177 216 217 216 217 238 177 238##::따라
218 216 260 216 260 238 218 238##::다를
261 214 284 214 284 238 261 238##::수
286 214 368 214 368 238 286 238##::있습니다.
