25 34 176 34 176 88 25 88##::영양정되
226 28 252 28 252 61 226 61##::청
255 27 333 31 331 66 253 62##::내용량
336 32 412 32 412 65 336 65##::1, 000
412 37 430 37 430 65 412 65##::
210 65 261 65 261 97 210 97##::100
262 72 282 72 282 101 262 101##::
286 66 313 66 313 98 286 98##::당
316 66 370 66 370 97 316 97##::280
372 66 432 66 432 96 372 96##::kea
33 118 85 118 85 150 33 150##::100
88 120 134 120 134 156 88 156##::g당
321 116 352 116 352 141 321 141##::1일
353 116 422 116 422 141 353 141##::영양성분
276 137 346 137 346 162 276 162##::기준치에
346 137 386 137 386 162 346 162##::대한
386 138 422 138 422 162 386 162##::비율
30 166 109 166 109 201 30 201##::나트륨
192 170 245 170 245 201 192 201##::505
249 176 291 178 290 207 247 204##::mg
348 173 385 173 385 201 348 201##::25
390 172 418 172 418 202 390 202##::%
30 208 133 209 133 244 30 242##::탄수화물
232 214 269 214 269 242 232 242##::33
272 221 290 221 290 246 272 246##::9
350 217 386 217 386 246 350 246##::10
389 217 420 217 420 248 389 248##::%
60 250 114 250 114 286 60 286##::당류
251 253 295 261 290 289 246 281##::10
368 262 384 262 384 285 368 285##::1
389 258 418 258 418 288 389 288##::%
29 293 84 293 84 328 29 328##::지방
210 291 294 298 291 330 207 323##::11. 4q
349 300 385 300 385 326 349 326##::21
389 300 420 300 420 330 389 330##::%
46 336 176 336 176 372 46 372##::트랜스지방
225 338 269 338 269 369 225 369##::0. 5
269 339 340 336 342 370 271 374##::g미만
45 380 149 380 149 414 45 414##::포화지방
224 381 269 381 269 410 224 410##::3. 6
269 386 290 386 290 414 269 414##::9
349 382 389 382 389 412 349 412##::24
392 382 422 382 422 413 392 413##::%
29 421 157 421 157 460 29 460##::콜레스테롤
204 425 240 425 240 452 204 452##::7. 1
248 429 289 429 289 457 248 457##::mg
366 426 386 426 386 453 366 453##::2
392 425 422 425 422 456 392 456##::%
29 465 108 465 108 500 29 500##::단백질
232 468 265 468 265 494 232 494##::11
269 473 289 473 289 500 269 500##::9
349 468 386 468 386 497 349 497##::20
392 468 422 468 422 498 392 498##::%
24 520 54 520 54 548 24 548##::1일
56 520 129 520 129 550 56 550##::영양성분
129 520 202 520 202 546 129 546##::기준치에
202 521 241 521 241 546 202 546##::대한
242 520 330 520 330 548 242 548##::비율 ( % ) 은
332 521 386 521 386 546 332 546##::2, 000
388 524 429 524 429 546 388 546##::kcal
21 546 106 546 106 573 21 573##::기준이므로
108 546 162 546 162 573 108 573##::개인의
164 546 200 546 200 574 164 574##::필요
201 546 256 546 256 574 201 574##::열량에
256 548 293 548 293 572 256 572##::따라
293 548 330 548 330 573 293 573##::다를
333 549 352 549 352 573 333 573##::수
353 546 426 546 426 574 353 574##::있습니다.
