144 8 206 8 206 49 144 49##::영양
270 6 403 9 402 52 270 50##::총내용량
402 13 438 13 438 48 402 48##::81
442 21 458 21 458 53 442 53##::8
144 46 206 46 206 88 144 88##::정보
348 48 405 48 405 82 348 82##::417
406 48 460 48 460 85 406 85##::koil
149 100 174 100 174 130 149 130##::총
178 99 275 99 275 131 178 131##::내용량당
341 100 378 100 378 129 341 129##::1일
382 97 457 97 457 130 382 130##::영양성분
280 130 373 128 374 161 281 163##::기준치에
376 129 420 129 420 160 376 160##::대한
420 128 457 128 457 158 420 158##::비율
150 168 248 168 248 206 150 206##::나트륨
254 172 318 172 318 206 254 206##::390
326 174 374 174 374 209 326 209##::m8
382 166 425 166 425 205 382 205##::20
426 168 453 168 453 201 426 201##::%
152 212 281 215 281 256 151 253##::탄수화물
290 215 361 219 359 255 288 251##::538
386 212 425 212 425 249 386 249##::16
426 212 453 212 453 245 426 245##::%
175 258 242 261 240 301 173 298##::당류
249 260 323 267 320 303 246 296##::228
384 258 425 258 425 294 384 294##::22
428 256 454 256 454 289 428 289##::%
152 304 265 309 263 348 150 343##::지방21
270 316 296 316 296 346 270 346##::8
382 301 426 301 426 340 382 340##::39
428 301 454 301 454 333 428 333##::%
176 350 389 350 389 390 176 390##::트랜스지방 08
177 398 361 398 361 434 177 434##::포화지방 98
380 394 455 384 460 420 384 430##::60 %
154 438 309 438 309 477 154 477##::콜레스테롤
312 443 457 429 461 469 316 483##::0mg0 %
154 480 310 484 309 524 153 520##::단백질4영
401 478 425 478 425 510 401 510##::7
430 474 457 474 457 506 430 506##::%
146 528 176 528 176 549 146 549##::1일
177 526 249 526 249 550 177 550##::영양성분
253 529 322 529 322 549 253 549##::기준치에
324 527 361 524 362 544 325 547##::대한
361 521 439 516 441 540 363 546##::비율 ( % ) 은
145 546 217 546 217 589 145 589##::라아라다
326 544 380 540 382 563 328 567##::개인의
384 541 418 541 418 562 384 562##::필요
418 537 467 530 470 557 421 563##::열량에
197 549 238 549 238 568 197 568##::kcal
239 548 326 544 327 565 240 569##::기준이므로
246 565 320 565 320 586 246 586##::있습니다.
