14 10 125 10 125 62 14 62##::영영정보
310 20 398 20 398 62 310 62##::총내용령
396 21 442 21 442 60 396 60##::200
441 24 478 24 478 58 441 58##::mL
480 16 529 16 529 60 480 60##::125
528 17 586 17 586 60 528 60##::kea
9 61 63 64 62 104 7 102##::나트륨
65 69 90 69 90 102 65 102##::80
96 76 128 76 128 108 96 108##::mg
130 69 164 69 164 104 130 104##::4 %
165 65 236 65 236 106 165 106##::단수화물
241 72 265 72 265 104 241 104##::19
270 81 282 81 282 101 270 101##::0
289 72 320 72 320 105 289 105##::6 %
326 69 361 69 361 108 326 108##::당류
366 72 389 72 389 104 366 104##::16
396 81 408 81 408 105 396 105##::
414 70 456 70 456 106 414 106##::16 %
458 68 497 68 497 108 458 108##::지방
500 72 533 72 533 106 500 106##::3. 2
537 81 549 81 549 108 537 108##::9
556 70 586 70 586 106 556 106##::6 %
10 111 92 113 91 153 9 151##::트련스지방
93 118 105 118 105 149 93 149##::0
108 124 121 124 121 156 108 156##::9
128 113 196 113 196 154 128 154##::포화지방
196 118 229 118 229 153 196 153##::2. 0
229 126 242 126 242 157 229 157##::9
244 117 286 117 286 153 244 153##::13 %
290 114 374 114 374 156 290 156##::콜리스되롤
376 118 400 118 400 152 376 152##::10
401 125 433 125 433 160 401 160##::mg
432 118 465 118 465 154 432 154##::3 %
468 114 522 114 522 156 468 156##::단벽질
524 120 537 120 537 152 524 152##::5
538 126 554 126 554 158 538 158##::9
553 117 585 117 585 153 553 153##::9 %
10 165 33 165 33 198 10 198##::1일
32 165 85 165 85 200 32 200##::영양성분
82 164 237 166 237 202 82 200##::기준치매한비율 ( % ) 은2.
234 169 265 169 265 200 234 200##::000
261 170 293 170 293 198 261 198##::kail
292 168 357 168 357 202 292 202##::기준이므로
356 168 424 168 424 202 356 202##::개인의필요
420 166 462 166 462 202 420 202##::열량에
458 166 517 166 517 202 458 202##::따라다를
514 170 528 170 528 200 514 200##::수
528 166 584 166 584 202 528 202##::있습니다.
