18 8 122 8 122 37 18 37##::영양정년
421 4 512 4 512 25 421 25##::층내용량
513 1 578 5 577 25 512 22##::500g
402 24 459 29 458 49 401 43##::100g
458 25 482 25 482 46 458 46##::량
482 24 520 24 520 44 482 44##::48
524 24 578 24 578 44 524 44##::KE
20 54 74 54 74 76 20 76##::나트륨
76 54 150 57 149 77 75 74##::890mg
160 56 189 56 189 73 160 73##::45
190 56 210 56 210 73 190 73##::%
252 52 355 54 354 76 251 74##::탄수화물6g
364 56 402 56 402 73 364 73##::2 %
446 54 518 54 518 76 446 76##::당류3g
528 54 546 54 546 72 528 72##::3
548 54 570 54 570 72 548 72##::%
17 81 93 86 91 111 16 106##::지방여g
101 88 117 88 117 105 101 105##::1
118 86 140 86 140 105 118 105##::%
212 81 329 84 329 108 211 105##::트랜스지방0g
385 81 491 83 490 108 384 105##::포화지방0g
498 85 517 85 517 104 498 104##::0
517 85 538 85 538 102 517 102##::%
14 118 106 117 107 142 14 144##::콜레스테롤
109 118 136 118 136 141 109 141##::13
137 122 170 122 170 144 137 144##::mg
181 121 197 121 197 138 181 138##::4
198 120 220 120 220 138 198 138##::%
342 114 431 118 430 144 341 141##::단백질5g
442 118 470 118 470 138 442 138##::10
470 117 492 117 492 138 470 138##::%
12 161 85 161 85 180 12 180##::1일영양성분
82 161 218 159 218 179 82 181##::기준차에대한바율 ( % ) 은
217 160 336 160 336 177 217 177##::2, 000kal가준이므로
334 160 374 160 374 177 334 177##::개인의
373 160 413 160 413 178 373 178##::필요의
410 160 437 160 437 178 410 178##::필요
436 158 540 158 540 178 436 178##::열량에따라다를수
541 158 594 158 594 177 541 177##::있습니다.
