21 33 136 33 136 72 21 72##::영양젱보
414 24 440 24 440 50 414 50##::
442 21 516 21 516 53 442 53##::내용량
517 22 570 22 570 49 517 49##::1. 5L
378 54 416 54 416 81 378 81##::100
418 54 470 54 470 82 418 82##::ml당
476 50 509 50 509 82 476 82##::20
513 50 573 50 573 82 513 82##::koal
23 87 170 93 169 129 21 123##::나트륨3mg
169 92 217 92 217 124 169 124##::0 %
224 87 423 91 422 129 223 125##::탄수화물5g2 %
428 88 572 90 571 127 427 125##::당류5g5 %
22 129 167 132 166 170 22 168##::지방0g0 %
173 129 313 129 313 165 173 165##::트랜스지방
313 132 352 132 352 168 313 168##::0g
357 126 471 126 471 163 357 163##::포화지방
472 130 557 130 557 168 472 168##::0g0 %
25 170 162 170 162 206 25 206##::콜레스테롤
170 171 235 178 232 210 166 204##::0mg
236 172 284 172 284 204 236 204##::0 %
301 168 385 168 385 205 301 205##::단백질
392 172 432 172 432 208 392 208##::0g
436 172 482 172 482 201 436 201##::0 %
24 212 57 212 57 238 24 238##::1일
62 210 154 210 154 241 62 241##::영양성분
160 210 252 210 252 238 160 238##::기준치에
256 210 302 210 302 238 256 238##::대한
306 209 408 209 408 238 306 238##::비율 ( % ) 은
410 210 468 210 468 237 410 237##::2, 000
470 212 520 212 520 236 470 236##::kcal
524 209 570 209 570 238 524 238##::기준
23 238 91 236 92 264 24 266##::이므로
98 238 166 238 166 265 98 265##::개인의
172 238 218 238 218 266 172 266##::필요
222 237 294 237 294 268 222 268##::열량에
300 237 398 237 398 265 300 265##::따라 다를
402 237 429 237 429 264 402 264##::수
432 236 529 236 529 266 432 266##::있습니다.
