13 5 13 92 227 5 227 92##::영양정보
410 1 410 43 440 1 440 43##::총
445 2 445 44 522 2 522 44##::내용량
527 6 527 46 590 6 590 46##::325 g
325 56 325 98 404 56 404 98##::100 g
409 57 409 96 436 57 436 96##::당
454 49 454 97 589 49 589 97##::105 kcal
15 109 15 162 78 109 78 162##::나트륨
94 111 94 166 205 111 205 166##::3,340 mg
218 111 218 161 283 111 283 161##::167%
363 112 363 168 458 112 458 168##::탄수화물
481 114 481 169 528 114 528 169##::21 g
546 114 546 164 579 114 579 164##::6%
11 177 11 231 58 177 58 231##::당류
75 178 75 232 113 178 113 232##::3 g
125 179 125 231 200 179 200 231##::3 %
362 178 362 234 415 178 415 234##::지방
438 182 438 235 497 182 497 235##::0.8 g
506 181 506 230 544 181 544 230##::1 %
10 242 10 300 118 242 118 300##::트랜스지방
141 245 141 300 187 245 187 300##::0 g
357 246 357 304 451 246 451 304##::포화지방
477 248 477 302 534 248 534 302##::0.3 g
542 248 542 297 576 248 576 297##::2%
10 308 10 365 116 308 116 365##::콜레스테롤
139 315 139 368 217 315 217 368##::30 mg
231 314 231 365 284 314 284 365##::10%
351 312 351 366 428 312 428 366##::단백질
446 313 446 370 495 313 495 370##::4 g
500 315 500 364 536 315 536 364##::7%
6 377 6 409 20 377 20 409##::1일
21 380 21 412 69 380 69 412##::영양성분
71 381 71 414 120 381 120 414##::기준치에
124 383 124 413 148 383 148 413##::대한
150 385 150 413 213 385 213 413##::비율(%)은
215 384 215 415 282 384 282 415##::2,000kcal
286 386 286 415 351 386 351 415##::기준이므로
358 386 358 414 400 386 400 414##::개인의
404 387 404 417 428 387 428 417##::필요
431 384 431 415 473 384 473 415##::열량에
474 385 474 414 500 385 500 414##::따라
503 385 503 413 527 385 527 413##::다를
530 383 530 413 542 383 542 413##::수
546 383 546 413 590 383 590 413##::있습니다.
