32 45 32 87 161 45 161 87##::영양정보
254 34 254 61 277 34 277 61##::총
279 34 279 62 342 34 342 62##::내용량
344 34 344 60 426 34 426 60##::930 mL
205 64 205 100 329 64 329 100##::100mL당
331 64 331 98 424 64 424 98##::36 kcal
32 112 32 135 120 112 120 135##::100mL당
320 114 320 135 349 114 349 135##::1일
352 113 352 137 423 113 423 137##::영양성분
272 137 272 161 344 137 344 161##::기준치에
348 138 348 160 385 138 385 160##::대한
388 138 388 161 422 138 422 161##::비율
32 171 32 204 110 171 110 204##::나트륨
197 171 197 202 292 171 292 202##::50 mg
365 172 365 204 421 172 421 204##::3 %
31 215 31 250 135 215 135 250##::탄수화물
243 215 243 247 292 215 292 247##::9 g
368 219 368 247 421 219 421 247##::0 %
57 260 57 291 111 260 111 291##::당류
243 260 243 289 290 260 290 289##::0 g
367 260 367 289 420 260 420 289##::3 %
31 303 31 335 87 303 87 335##::지방
241 303 241 335 294 303 294 335##::8 g
364 302 364 333 420 302 420 333##::8 %
57 343 57 380 183 343 183 380##::트랜스지방
240 346 240 375 292 346 292 375##::0 g
58 391 58 424 164 391 164 424##::포화지방
239 386 239 422 291 386 291 422##::0 g
365 389 365 421 420 389 420 421##::0 %
29 434 29 467 158 434 158 467##::콜레스테롤
213 434 213 465 291 434 291 465##::0 mg
365 437 365 464 419 437 419 464##::0 %
33 477 33 510 111 477 111 510##::단백질
238 479 238 508 290 479 290 508##::0 mg
362 478 362 510 420 478 420 510##::0 %
33 520 33 544 63 520 63 544##::1일
64 522 64 546 129 522 129 546##::영양성분
130 522 130 547 200 522 200 547##::기준치에
201 524 201 547 236 524 236 547##::대한
237 522 237 547 321 522 321 547##::비율(%)은
322 524 322 545 410 524 410 545##::2,000 kcal
33 544 33 567 115 544 115 567##::기준이므로
116 546 116 569 168 546 168 569##::개인의
169 546 169 568 204 546 204 568##::필요
206 547 206 569 258 547 258 569##::열량에
261 547 261 569 293 547 293 569##::따라
296 549 296 571 331 549 331 571##::다를
334 547 334 568 351 547 351 568##::수
351 546 351 567 426 546 426 567##::있습니다.
