80 48 80 83 197 48 197 83##::영양정보
372 37 372 61 394 37 394 61##::총
401 38 401 60 461 38 461 60##::내용량
461 40 461 63 513 40 513 63##::907g
365 70 365 93 411 70 411 93##::100g
417 68 417 90 437 68 437 90##::당
442 68 442 91 523 68 523 91##::395kcal
80 120 80 143 141 120 141 143##::100 g
149 119 149 143 171 119 171 143##::당
412 108 412 133 441 108 441 133##::1일
446 109 446 130 520 109 520 130##::영양성분
362 136 362 156 433 136 433 156##::기준치에
442 135 442 155 476 135 476 155##::대한
481 136 481 155 518 136 518 155##::비율
79 174 79 199 149 174 149 199##::나트륨
272 175 272 203 333 175 333 203##::35 mg
471 176 471 199 515 176 515 199##::2 %
79 218 79 247 170 218 170 247##::탄수화물
287 223 287 247 337 223 337 247##::99g
459 223 459 246 519 223 519 246##::31 %
78 263 78 290 126 263 126 290##::당류
286 268 286 290 335 268 335 290##::96 g
457 265 457 289 519 265 519 289##::96 %
77 307 77 334 127 307 127 334##::지방
300 309 300 335 336 309 336 335##::0 g
472 305 472 335 517 305 517 335##::0 %
80 348 80 379 198 348 198 379##::트랜스지방
299 352 299 377 333 352 333 377##::0 g
78 397 78 422 174 397 174 422##::포화지방
298 401 298 427 336 401 336 427##::0 g
472 398 472 424 519 398 519 424##::0 %
80 437 80 469 195 437 195 469##::콜레스테롤
281 444 281 467 338 444 338 467##::0 mg
469 441 469 467 521 441 521 467##::0 %
80 485 80 511 151 485 151 511##::단백질
301 488 301 512 334 488 334 512##::0 g
471 485 471 511 519 485 519 511##::0 %
79 525 79 542 107 525 107 542##::1일
112 524 112 543 182 524 182 543##::영양성분
185 523 185 545 254 523 254 545##::기준치에
257 524 257 544 292 524 292 544##::대한
298 524 298 542 377 524 377 542##::비율(%)은
382 524 382 543 472 524 472 543##::2,000kcal
77 550 77 565 162 550 162 565##::기준이므로
168 550 168 566 218 550 218 566##::개인의
225 550 225 567 259 550 259 567##::필요
266 550 266 566 315 550 315 566##::열량에
320 551 320 566 355 551 355 566##::따라
361 550 361 567 395 550 395 567##::다를
403 550 403 567 416 550 416 567##::수
424 548 424 566 498 548 498 566##::있습니다.
