23 19 23 81 156 19 156 81##::영양정보
177 17 177 50 196 17 196 50##::총
198 18 198 47 248 18 248 47##::내용량
251 18 251 48 310 18 310 48##::190 ml
217 50 217 86 307 50 307 86##::65 kcal
30 92 30 125 51 92 51 125##::총
53 94 53 126 135 94 135 126##::내용량당
217 91 217 115 241 91 241 115##::1일
244 90 244 114 303 90 303 114##::영양성분
175 114 175 140 236 114 236 140##::기준치에
239 115 239 140 269 115 269 140##::대한
272 114 272 139 305 114 305 139##::비율
25 142 25 183 98 142 98 183##::나트륨
102 143 102 188 183 143 183 188##::24 mg
252 146 252 184 300 146 300 184##::1 %
26 191 26 232 121 191 121 232##::탄수화물
126 194 126 238 185 194 185 238##::16 g
250 196 250 234 304 196 304 234##::5 %
35 239 35 283 85 239 85 283##::당류
90 241 90 286 147 241 147 286##::15 g
238 245 238 282 303 245 303 282##::15 %
23 289 23 330 73 289 73 330##::지방
78 289 78 332 120 289 120 332##::0 g
251 291 251 330 301 291 301 330##::0 %
35 337 35 381 153 337 153 381##::트랜스지방
158 339 158 383 201 339 201 383##::0 g
35 385 35 428 128 385 128 428##::포화지방
133 388 133 429 179 388 179 429##::0 g
251 389 251 424 302 389 302 424##::0 %
23 432 23 476 141 432 141 476##::콜레스테롤
146 437 146 480 210 437 210 480##::0 mg
250 438 250 475 301 438 301 475##::0 %
22 482 22 523 94 482 94 523##::단백질
99 484 99 527 143 484 143 527##::0 g
253 484 253 523 300 484 300 523##::0 %
18 531 18 555 40 531 40 555##::1일
41 531 41 556 92 531 92 556##::영양성분
94 534 94 558 143 534 143 558##::기준치에
145 534 145 558 170 534 170 558##::대한
171 534 171 558 236 534 236 558##::비율(%)은
235 535 235 557 302 535 302 557##::2,000kcal
20 557 20 581 77 557 77 581##::기준이므로
80 559 80 583 116 559 116 583##::개인의
118 560 118 583 143 560 143 583##::필요
145 560 145 584 182 560 182 584##::열량에
183 560 183 584 209 560 209 584##::따라
209 560 209 584 236 560 236 584##::다를
239 560 239 584 252 560 252 584##::수
254 561 254 583 304 561 304 583##::있습니다.
