21 20 21 58 143 20 143 58##::영양정보
430 10 430 39 457 10 457 39##::총
462 11 462 38 525 11 525 38##::내용량
531 11 531 42 583 11 583 42##::60 g
489 45 489 70 582 45 582 70##::291 kcal
16 78 16 107 83 78 83 107##::나트륨
87 80 87 110 171 80 171 110##::170 mg
174 81 174 107 217 81 217 107##::9 %
224 81 224 109 309 81 309 109##::탄수화물
315 81 315 109 367 81 367 109##::44 g
371 80 371 109 425 80 425 109##::14 %
430 82 430 109 473 82 473 109##::당류
477 82 477 111 527 82 527 111##::20 g
532 81 532 109 588 81 588 109##::20 %
16 123 16 149 61 123 61 149##::지방
67 124 67 152 117 124 117 152##::11 g
119 124 119 148 175 124 175 148##::20 %
208 121 208 152 316 121 316 152##::트랜스지방
321 123 321 152 355 123 355 152##::0 g
400 123 400 151 488 123 488 151##::포화지방
492 124 492 152 529 124 529 152##::6 g
531 123 531 149 588 123 588 149##::40 %
16 159 16 189 124 159 124 189##::콜레스테롤
128 159 128 190 186 159 186 190##::0 mg
190 160 190 187 233 160 233 187##::0 %
254 161 254 189 319 161 319 189##::단백질
325 161 325 190 359 161 359 190##::4 g
363 160 363 188 409 160 409 188##::7 %
21 208 21 231 54 208 54 231##::1일
58 208 58 232 138 208 138 232##::영양성분
144 207 144 232 225 207 225 232##::기준치에
230 208 230 233 270 208 270 233##::대한
274 207 274 233 369 207 369 233##::비율(%)은
374 209 374 234 483 209 483 234##::2,000 kcal
21 235 21 260 119 235 119 260##::기준이므로
124 234 124 259 185 234 185 259##::개인의
190 235 190 261 230 235 230 261##::필요
235 235 235 261 296 235 296 261##::열량에
301 237 301 261 344 237 344 261##::따라
348 236 348 261 389 236 389 261##::다를
393 235 393 261 416 235 416 261##::수
421 236 421 262 504 236 504 262##::있습니다.
