30 35 30 98 224 35 224 98##::영양정보
267 24 267 63 302 24 302 63##::총
304 27 304 64 384 27 384 64##::내용량
387 29 387 65 469 29 469 65##::217 g
330 66 330 107 468 66 468 107##::855 kcal
33 121 33 147 56 121 56 147##::총
60 120 60 147 144 120 144 147##::내용량당
177 120 177 145 210 120 210 145##::1일
215 119 215 145 294 119 294 145##::영양성분
299 119 299 147 378 119 378 147##::기준치에
383 121 383 147 423 121 423 147##::대한
428 122 428 148 467 122 467 148##::비율
35 156 35 193 128 156 128 193##::나트륨
136 155 136 193 222 155 222 193##::0 mg
412 157 412 194 470 157 470 194##::0 %
37 199 37 240 156 199 156 240##::탄수화물
165 201 165 240 271 201 271 240##::210 g
394 199 394 239 467 199 467 239##::65 %
58 249 58 285 124 249 124 285##::당류
132 248 132 285 232 248 232 285##::169 g
376 244 376 288 468 244 468 288##::169 %
34 290 34 332 100 290 100 332##::지방
107 293 107 335 198 293 198 335##::1.1 g
409 296 409 334 468 296 468 334##::2%
60 341 60 381 216 341 216 381##::트랜스지방
219 340 219 381 281 340 281 381##::0 g
60 389 60 425 183 389 183 425##::포화지방
190 390 190 431 280 390 280 431##::0.9 g
410 390 410 425 469 390 469 425##::6 %
35 435 35 477 189 435 189 477##::콜레스테롤
197 436 197 476 286 436 286 476##::0 mg
410 435 410 473 468 435 468 473##::0 %
34 481 34 522 128 481 128 522##::단백질
135 483 135 524 227 483 227 524##::0.7 g
415 484 415 519 466 484 466 519##::1 %
33 536 33 557 60 536 60 557##::1일
63 537 63 558 127 537 127 558##::영양성분
130 538 130 560 197 538 197 560##::기준치에
199 537 199 560 231 537 231 560##::대한
234 539 234 560 308 539 308 560##::비율(%)은
310 537 310 559 387 537 387 559##::2,000kcal
391 537 391 557 467 537 467 557##::기준이므로
31 560 31 579 81 560 81 579##::개인의
84 561 84 580 116 561 116 580##::필요
121 560 121 583 171 560 171 583##::열량에
173 561 173 580 205 561 205 580##::따라
209 559 209 584 240 559 240 584##::다를
242 561 242 581 260 561 260 581##::수
265 562 265 582 331 562 331 582##::있습니다.
