30 19 30 64 165 19 165 64##::영양정보
429 15 429 44 451 15 451 44##::총
453 16 453 44 515 16 515 44##::내용량
518 15 518 48 579 15 579 48##::900 g
404 45 404 73 483 45 483 73##::100 g당
487 45 487 76 580 45 580 76##::105 kcal
16 73 16 105 83 73 83 105##::나트륨
85 75 85 107 168 75 168 107##::780 mg
176 76 176 105 237 76 237 105##::39 %
248 77 248 108 332 77 332 108##::탄수화물
333 77 333 109 383 77 383 109##::21 g
390 80 390 107 440 80 440 107##::6 %
448 78 448 108 494 78 494 108##::당류
496 79 496 110 532 79 532 110##::2 g
539 81 539 108 586 81 586 108##::2 %
17 111 17 141 60 111 60 141##::지방
64 111 64 142 120 111 120 142##::0.7 g
129 111 129 141 176 111 176 141##::1 %
190 112 190 144 292 112 292 144##::트랜스지방
294 113 294 143 332 113 332 143##::0 g
345 113 345 145 427 113 427 145##::포화지방
431 115 431 145 486 115 486 145##::0.2 g
495 117 495 144 535 117 535 144##::1 %
16 148 16 176 124 148 124 176##::콜레스테롤
127 148 127 177 179 148 179 177##::5 mg
188 148 188 176 233 148 233 176##::2 %
248 148 248 179 313 148 313 179##::단백질
316 148 316 179 352 148 352 179##::4 g
356 150 356 179 406 150 406 179##::7 %
17 184 17 201 38 184 38 201##::1일
39 184 39 201 88 184 88 201##::영양성분
90 182 90 201 141 182 141 201##::기준치에
142 183 142 202 168 183 168 202##::대한
170 184 170 202 232 184 232 202##::비율(%)은
231 184 231 203 298 184 298 203##::2,000 kcal
298 184 298 201 355 184 355 201##::기준이므로
356 184 356 203 390 184 390 203##::개인의
394 184 394 204 416 184 416 204##::필요
418 186 418 203 455 186 455 203##::열량에
457 186 457 205 479 186 479 205##::따라
481 186 481 205 506 186 506 205##::다를
507 187 507 204 519 187 519 204##::수
519 186 519 206 572 186 572 206##::있습니다.
