18 32 18 78 100 32 100 78##::영양정보
163 22 163 60 186 22 186 60##::총
185 20 185 57 238 20 238 57##::내용량
239 22 239 57 297 22 297 57##::350 mL
221 58 221 94 301 58 301 94##::148 kcal
20 117 20 154 39 117 39 154##::총
39 114 39 153 106 114 106 153##::내용량당
201 99 201 134 229 99 229 134##::1일
229 100 229 132 299 100 299 132##::영양성분
157 135 157 166 222 135 222 166##::기준치에
226 135 226 168 263 135 263 168##::대한
263 135 263 169 297 135 297 169##::비율
20 173 20 209 73 173 73 209##::나트륨
75 170 75 211 121 170 121 211##::5 mg
266 174 266 207 298 174 298 207##::0 %
22 211 22 248 88 211 88 248##::탄수화물
94 212 94 248 131 212 131 248##::37 g
258 209 258 246 299 209 299 246##::11 %
34 251 34 289 71 251 71 289##::당류
75 251 75 288 113 251 113 288##::36 g
258 250 258 285 301 250 301 285##::36 %
20 291 20 323 57 291 57 323##::지방
60 291 60 327 93 291 93 327##::0 g
265 287 265 319 302 287 302 319##::0 %
36 329 36 363 121 329 121 363##::트랜스지방
122 329 122 368 154 329 154 368##::0 g
36 367 36 401 102 367 102 401##::포화지방
103 366 103 405 139 366 139 405##::0 g
268 364 268 400 304 364 304 400##::0 %
20 406 20 442 108 406 108 442##::콜레스테롤
108 405 108 443 161 405 161 443##::0 mg
268 402 268 435 303 402 303 435##::0 %
21 445 21 483 76 445 76 483##::단백질
75 445 75 483 107 445 107 483##::0 g
264 441 264 475 301 441 301 475##::0 %
19 491 19 524 49 491 49 524##::1일
51 486 51 520 121 486 121 520##::영양성분
126 483 126 514 195 483 195 514##::기준치에
201 480 201 515 234 480 234 515##::대한
237 482 237 517 303 482 303 517##::비율(%)
22 522 22 557 39 522 39 557##::은
44 524 44 553 125 524 125 553##::2,000 kcal
127 517 127 545 211 517 211 545##::기준이므로
211 517 211 547 263 517 263 547##::개인의
267 519 267 548 302 519 302 548##::필요
22 557 22 589 74 557 74 589##::열량에
78 553 78 586 115 553 115 586##::따라
116 550 116 584 150 550 150 584##::다를
152 546 152 583 176 546 176 583##::수
177 549 177 582 250 549 250 582##::있습니다.
