17 34 17 88 170 34 170 88##::영양정보
210 23 210 60 239 23 239 60##::총
243 25 243 59 318 25 318 59##::내용량
323 25 323 61 423 25 423 61##::1,000 g
197 63 197 99 300 63 300 99##::100 g 당
305 62 305 95 418 62 418 95##::275 kcal
23 117 23 158 128 117 128 158##::100 g당
311 114 311 138 342 114 342 138##::1일
345 112 345 138 412 112 412 138##::영양성분
268 137 268 162 337 137 337 162##::기준치에
339 137 339 162 377 137 377 162##::대한
377 137 377 161 415 137 415 161##::비율
25 167 25 206 104 167 104 206##::나트륨
181 168 181 209 286 168 286 209##::500 mg
334 170 334 204 410 170 410 204##:: 25 %
25 211 25 249 128 211 128 249##::탄수화물
219 214 219 254 285 214 285 254##::31 g
338 216 338 250 409 216 409 250##::10 %
56 255 56 293 111 255 111 293##::당류
235 257 235 294 287 257 287 294##::6 g
353 261 353 294 412 261 412 294##::6 %
25 299 25 335 80 299 80 335##::지방
225 303 225 337 283 303 283 337##::12 g
337 304 337 335 412 304 412 335##::22 %
45 342 45 379 169 342 169 379##::트랜스지방
215 342 215 377 335 342 335 377##::0.5 g미만
41 386 41 421 146 386 146 421##::포화지방
215 386 215 420 284 386 284 420##::2.3 g
344 389 344 418 411 389 411 418##::15 %
30 429 30 463 157 429 157 463##::콜레스테롤
198 430 198 462 285 430 285 462##::1.3 mg
356 428 356 463 414 428 414 463##::0 %
28 471 28 507 105 471 105 507##::단백질
227 471 227 507 289 471 289 507##::10 g
346 470 346 502 414 470 414 502##::18 %
23 522 23 549 53 522 53 549##::1일
55 523 55 549 126 523 126 549##::영양성분
127 525 127 548 197 525 197 548##::기준치에
199 521 199 547 234 521 234 547##::대한
327 519 327 545 418 519 418 545##::2,000kcal
23 550 23 576 106 550 106 576##::기준이므로
106 547 106 576 159 547 159 576##::개인의
161 547 161 575 196 547 196 575##::필요
196 547 196 573 249 547 249 573##::열량에
250 547 250 571 286 547 286 571##::따라
289 547 289 571 326 547 326 571##::다를
326 546 326 571 344 546 344 571##::수
349 544 349 574 420 544 420 574##::있습니다.
