11 18 11 68 164 18 164 68##::영양정보
108 66 108 104 139 66 139 104##::총
142 68 142 107 216 68 216 107##::내용량
222 72 222 114 304 72 304 114##::1,000 g
113 104 113 143 204 104 204 143##::100 g당
205 107 205 148 308 107 308 148##::175 kcal
19 162 19 196 94 162 94 196##::100 g 당
194 150 194 176 230 150 230 176##::1일
232 150 232 180 310 150 310 180##::영양성분
141 175 141 202 221 175 221 202##::기준치에
225 174 225 204 266 174 266 204##::대한
269 176 269 206 310 176 310 206##::비율
19 209 19 239 93 209 93 239##::나트륨
104 208 104 244 190 208 190 244##::115 mg
263 209 263 243 310 209 310 243##::6 %
19 250 19 283 118 250 118 283##::탄수화물
127 250 127 284 181 250 181 284##::29 g
260 250 260 283 308 250 308 283##::9 %
34 286 34 317 86 286 86 317##::당류
92 289 92 325 138 289 138 325##::9 g
260 288 260 321 308 288 308 321##::9 %
22 327 22 359 70 327 70 359##::지방
80 326 80 361 120 326 120 361##::5 g
262 327 262 359 311 327 311 359##::9 %
37 365 37 398 153 365 153 398##::트랜스지방
166 362 166 401 206 362 206 401##::0 g
36 402 36 437 135 402 135 437##::포화지방
143 404 143 440 206 404 206 440##::0.9 g
257 406 257 437 309 406 309 437##::6 %
19 441 19 476 140 441 140 476##::콜레스테롤
150 443 150 481 213 443 213 481##::0 mg
259 442 259 478 312 442 312 478##::0 %
22 479 22 515 98 479 98 515##::단백질
105 481 105 516 147 481 147 516##::2 g
261 482 261 516 314 482 314 516##::0 %
11 520 11 543 40 520 40 543##::1일
42 518 42 542 111 518 111 542##::영양성분
115 519 115 543 182 519 182 543##::기준치에
183 519 183 542 218 519 218 542##::대한
222 517 222 543 302 517 302 543##::비율(%)은
7 540 7 564 89 540 89 564##::2,000 kcal
92 540 92 563 174 540 174 563##::기준이므로
176 540 176 570 223 540 223 570##::개인의
225 543 225 566 258 543 258 566##::필요
263 542 263 566 317 542 317 566##::열량에
11 565 11 585 50 565 50 585##::따라
50 564 50 587 86 564 86 587##::다를
86 563 86 588 108 563 108 588##::수
107 564 107 592 184 564 184 592##::있습니다.
