10 11 10 51 150 11 150 51##::영양정보
14 57 14 94 39 57 39 94##::총
51 58 51 96 141 58 141 96##::내용량
151 58 151 95 217 58 217 95##::30 g
10 97 10 133 147 97 147 133##::145 kcal
11 142 11 164 27 142 27 164##::총
30 144 30 163 93 144 93 163##::내용량당
111 143 111 163 135 143 135 163##::1일
139 142 139 163 200 142 200 163##::영양성분
204 140 204 160 263 140 263 160##::기준치에
266 141 266 160 296 141 296 160##::대한
299 139 299 159 329 139 329 159##::비율
9 171 9 208 100 171 100 208##::나트륨
117 172 117 208 213 172 213 208##::110 mg
269 169 269 204 329 169 329 204##::6 %
10 216 10 252 132 216 132 252##::탄수화물
148 215 148 253 214 215 214 253##::22 g
275 216 275 248 329 216 329 248##::7 %
28 260 28 297 89 260 89 297##::당류
109 259 109 297 157 259 157 297##::2 g
276 258 276 292 328 258 328 292##::2 %
11 305 11 342 71 305 71 342##::지방
82 303 82 343 136 303 136 343##::6 g
260 303 260 340 328 303 328 340##::11 %
28 349 28 386 179 349 179 386##::트랜스지방
194 349 194 388 243 349 243 388##::0 g
29 394 29 431 152 394 152 431##::포화지방
165 394 165 434 237 394 237 434##::2.1 g
261 395 261 433 329 395 329 433##::14 %
12 438 12 479 162 438 162 479##::콜레스테롤
180 442 180 479 253 442 253 479##::0 mg
273 444 273 479 329 444 329 479##::0 %
11 486 11 524 104 486 104 524##::단백질
123 487 123 526 168 487 168 526##::1 g
182 485 182 525 236 485 236 525##::미만
274 490 274 526 329 490 329 526##::2 %
13 534 13 562 36 534 36 562##::1일
39 535 39 563 96 535 96 563##::영양성분
100 534 100 563 158 534 158 563##::기준치에
160 535 160 562 188 535 188 562##::대한
190 534 190 563 256 534 256 563##::비율(%)은
258 537 258 564 328 537 328 564##::2,000 kcal
12 564 12 592 82 564 82 592##::기준이므로
85 564 85 590 127 564 127 590##::개인의
130 565 130 592 159 565 159 592##::필요
160 563 160 591 200 563 200 591##::열량에
202 564 202 590 230 564 230 590##::따라
232 564 232 591 259 564 259 591##::다를
260 566 260 591 275 566 275 591##::수
277 565 277 592 330 565 330 592##::있습니다.
