20 91 20 131 160 91 160 131##::영양정보
199 87 199 128 227 87 227 128##::총
238 91 238 124 320 91 320 124##::내용량
330 89 330 126 581 89 581 126##::760 g(380 gX2인분)
256 126 256 168 414 126 414 168##::1인분(380 g)
426 127 426 162 452 127 452 162##::당
461 128 461 163 581 128 581 163##::553 kcal
16 179 16 220 106 179 106 220##::나트륨
117 183 117 223 235 183 235 223##::1,540 mg
242 183 242 219 307 183 307 219##::77 %
327 185 327 222 443 185 443 222##::탄수화물
451 185 451 222 507 185 507 222##::76 g
515 184 515 218 581 184 581 218##::23 %
16 236 16 276 75 236 75 276##::당류
84 235 84 278 139 235 139 278##::14 g
149 237 149 273 214 237 214 273##::14 %
384 237 384 274 444 237 444 274##:: 지방
452 239 452 278 508 239 508 278##::21 g
516 236 516 272 582 236 582 272##::39 %
15 291 15 332 160 291 160 332##::트랜스지방
167 291 167 335 234 291 234 335##::0.3 g
315 290 315 330 434 290 434 330##::포화지방
440 292 440 336 507 292 507 336##::4.4 g
516 293 516 330 581 293 581 330##::29 %
14 351 14 388 161 351 161 388##::콜레스테롤
168 352 168 391 251 352 251 391##::11 mg
258 349 258 386 310 349 310 386##::4 %
353 348 353 389 444 348 444 389##::단백질
452 351 452 391 509 351 509 391##::15 g
516 351 516 386 583 351 583 386##::27 %
17 405 17 441 66 405 66 441##::1일
74 404 74 442 206 404 206 442##::영양성분
213 404 213 440 344 404 344 440##::기준치에
352 402 352 440 422 402 422 440##::대한
431 405 431 440 581 405 581 440##::비율(%)은
16 444 16 474 152 444 152 474##::2,000 kcal
161 442 161 475 312 442 312 475##::기준이므로
319 441 319 476 410 441 410 476##::개인의
420 440 420 477 477 440 477 477##::필요
488 441 488 478 575 441 575 478##::열량에
16 476 16 512 80 476 80 512##::따라
87 476 87 513 147 476 147 513##::다를
156 476 156 513 185 476 185 513##::수
194 476 194 515 324 476 324 515##::있습니다.
