24 15 24 53 159 15 159 53##::영양정보
221 22 221 51 247 22 247 51##::총
254 23 254 52 324 23 324 52##::내용량
330 24 330 55 477 24 477 55##::280 g/100 g당
482 23 482 53 573 23 573 53##::225 kcal
18 61 18 89 86 61 86 89##::나트륨
95 61 95 91 171 61 171 91##::590 mg
177 61 177 90 228 61 228 90##:: 30 %
244 61 244 90 335 61 335 90##:: 탄수화물
342 61 342 94 375 61 375 94##::4 g
384 62 384 90 422 62 422 90##::1 %
440 63 440 92 485 63 485 92##::당류
493 62 493 95 526 62 526 95##::2 g
541 64 541 92 579 64 579 92##::2 %
18 94 18 121 64 94 64 121##::지방
72 94 72 124 115 94 115 124##::17 g
122 95 122 122 174 95 174 122##::31 %
190 95 190 124 304 95 304 124##::트랜스지방
311 96 311 125 344 96 344 125##::0 g
359 97 359 125 451 97 451 125##::포화지방
458 97 458 127 490 97 490 127##::6 g
497 97 497 126 550 97 550 126##::40 %
17 128 17 155 134 128 134 155##::콜레스테롤
142 127 142 157 205 127 205 157##::45 mg
212 128 212 156 264 128 264 156##::15 %
278 129 278 156 348 129 348 156##::단백질
354 130 354 158 398 130 398 158##::14 g
404 131 404 157 457 131 457 157##::25 %
19 165 19 193 53 165 53 193##::1일
62 165 62 193 153 165 153 193##::영양성분
162 165 162 195 250 165 250 195##::기준치에
259 166 259 193 303 166 303 193##::대한
312 165 312 196 414 165 414 196##::비율(%)은
421 169 421 196 525 169 525 196##::2,000 kcal
22 197 22 224 133 197 133 224##::기준이므로
142 197 142 225 209 197 209 225##::개인의
217 197 217 225 261 197 261 225##::필요
269 198 269 226 336 198 336 226##::열량에
346 198 346 226 390 198 390 226##::따라
399 199 399 226 443 199 443 226##::다를
449 198 449 226 473 198 473 226##::수
480 199 480 225 576 199 576 225##::있습니다.
