20 54 20 92 150 54 150 92##::영양정보
242 37 242 66 266 37 266 66##::총
270 37 270 65 332 37 332 65##::내용량
337 37 337 64 414 37 414 64##::930 mL
198 69 198 104 318 69 318 104##::100 mL당
324 69 324 99 413 69 413 99##::36 kcal
21 119 21 142 106 119 106 142##::100 mL당
313 115 313 140 338 115 338 140##::1일
346 115 346 139 412 115 412 139##::영양성분
264 141 264 164 335 141 335 164##::기준치에
338 141 338 163 374 141 374 163##::대한
378 141 378 164 414 141 414 164##::비율
22 179 22 211 98 179 98 211##::나트륨
188 176 188 209 282 176 282 209##::50 mg
360 176 360 205 412 176 412 205##::3 %
17 224 17 257 125 224 125 257##::탄수화물
233 222 233 252 282 222 282 252##::9 g
358 222 358 251 412 222 412 251##::3 %
46 268 46 300 101 268 101 300##::당류
236 263 236 294 282 263 282 294##::8 g
360 266 360 293 410 266 410 293##:: 8 %
20 311 20 344 76 311 76 344##::지방
232 307 232 340 284 307 284 340##::0 g
358 310 358 337 412 310 412 337##::0 %
47 355 47 387 177 355 177 387##::트랜스지방
232 351 232 383 285 351 285 383##::0 g
49 400 49 431 152 400 152 431##::포화지방
232 396 232 427 285 396 285 427##::0 g
358 397 358 424 414 397 414 424##::0 %
22 443 22 476 153 443 153 476##::콜레스테롤
206 442 206 472 286 442 286 472##::0 mg
359 441 359 469 412 441 412 469##::0 %
24 487 24 521 104 487 104 521##::단백질
234 487 234 516 285 487 285 516##::0 g
358 485 358 512 413 485 413 512##::0 %
27 533 27 554 53 533 53 554##::1일
58 533 58 555 122 533 122 555##::영양성분
127 533 127 555 193 533 193 555##::기준치에
195 531 195 554 229 531 229 554##::대한
233 533 233 554 317 533 317 554##::비율(%)은
318 531 318 551 403 531 403 551##::2,000 kcal
27 555 27 577 108 555 108 577##::기준이므로
111 557 111 576 162 557 162 576##::개인의
166 556 166 577 197 556 197 577##::필요
202 556 202 579 252 556 252 579##::열량에
252 554 252 577 290 554 290 577##::따라
293 554 293 576 325 554 325 576##::다를
329 554 329 576 345 554 345 576##::수
350 554 350 574 420 554 420 574##::있습니다.
