23 27 23 68 159 27 159 68##::영양정보
419 17 419 47 444 17 444 47##::총
451 16 451 47 518 16 518 47##::내용량
525 17 525 48 579 17 579 48##::54 g
459 47 459 78 581 47 581 78##::260 kcal
23 82 23 110 87 82 87 110##::나트륨
94 81 94 112 169 81 169 112##::155 mg
175 81 175 110 214 81 214 110##::8 %
222 81 222 111 309 81 309 111##::탄수화물
313 82 313 112 359 82 359 112##::36 g
365 82 365 112 417 82 417 112##::11 %
424 83 424 112 466 83 466 112##::당류
474 84 474 112 519 84 519 112##::17 g
525 82 525 111 578 82 578 111##::17 %
23 115 23 143 68 115 68 143##::지방
75 115 75 145 120 115 120 145##::11 g
126 114 126 143 181 114 181 143##::20 %
201 116 201 144 310 116 310 144##::트랜스지방
314 116 314 145 369 116 369 145##::0.2 g
385 115 385 144 474 115 474 144##::포화지방
480 117 480 146 515 117 515 146##::7 g
520 117 520 143 577 117 577 143##::47 %
23 149 23 176 133 149 133 176##::콜레스테롤
137 149 137 178 195 149 195 178##::2 mg
200 150 200 176 243 150 243 176##::1 %
255 149 255 176 321 149 321 176##::단백질
326 149 326 178 381 149 381 178##::3.5 g
386 149 386 176 430 149 430 176##::6 %
24 183 24 200 48 183 48 200##::1일
52 184 52 201 109 184 109 201##::영양성분
112 183 112 201 170 183 170 201##::기준치에
174 182 174 201 201 182 201 201##::대한
206 183 206 203 273 183 273 203##::비율(%)은
276 184 276 202 345 184 345 202##::2,000kcal
350 183 350 201 420 183 420 201##::기준이므로
425 184 425 202 467 184 467 202##::개인의
471 183 471 203 499 183 499 203##::필요
503 183 503 204 546 183 546 204##::열량에
549 183 549 203 579 183 579 203##::따라
25 202 25 218 53 202 53 218##::다를
58 201 58 218 73 201 73 218##::수
75 201 75 217 136 201 136 217##::있습니다.
