29 34 29 76 173 34 173 76##::영양정보
301 17 301 52 328 17 328 52##::총
337 19 337 53 418 19 418 53##::내용량
426 20 426 56 505 20 505 56##::600 g
272 55 272 89 349 55 349 89##::100 g
360 56 360 87 386 56 386 87##::당
393 58 393 91 506 58 506 91##::215 kcal
26 113 26 148 140 113 140 148##::100 g 당
226 97 226 131 268 97 268 131##::1일
279 97 279 130 389 97 389 130##::영양성분
399 97 399 135 501 97 501 135##::기준치에
389 132 389 167 445 132 445 167##::대한
452 132 452 168 501 132 501 168##::비율
23 171 23 206 111 171 111 206##::나트륨
230 171 230 205 340 171 340 205##::430 mg
428 172 428 206 501 172 501 206##::22 %
26 212 26 245 142 212 142 245##::탄수화물
277 212 277 244 339 212 339 244##::34 g
431 212 431 243 501 212 501 243##::10 %
43 249 43 283 101 249 101 283##::당류
293 249 293 280 339 249 339 280##::3 g
443 248 443 279 499 248 499 279##::3 %
29 285 29 318 85 285 85 318##::지방
291 286 291 316 339 286 339 316##::6 g
427 285 427 316 498 285 498 316##::11 %
46 322 46 354 183 322 183 354##::트랜스지방
291 322 291 354 340 322 340 354##::0 g
44 358 44 390 156 358 156 390##::포화지방
265 359 265 391 340 359 340 391##::2.3 g
428 357 428 388 501 357 501 388##::15 %
29 394 29 428 168 394 168 428##::콜레스테롤
266 394 266 427 340 394 340 427##::0 mg
443 393 443 424 500 393 500 424##::0 %
29 431 29 465 110 431 110 465##::단백질
292 431 292 465 339 431 339 465##::6 g
429 431 429 459 501 431 501 459##::11 %
26 472 26 508 67 472 67 508##::1일
75 471 75 507 186 471 186 507##::영양성분
193 472 193 506 305 472 305 506##::기준치에
310 472 310 505 365 472 365 505##::대한
376 471 376 505 508 471 508 505##::비율(%)은
20 509 20 540 160 509 160 540##::2,000 kcal
168 508 168 541 306 508 306 541##::기준이므로
316 508 316 539 401 508 401 539##::개인의
404 508 404 539 462 508 462 539##::필요
20 542 20 580 102 542 102 580##::열량에
109 544 109 579 165 544 165 579##::따라
174 543 174 579 228 543 228 579##::다를
237 542 237 576 268 542 268 576##::수
275 542 275 577 392 542 392 577##::있습니다.
