19 28 19 66 130 28 130 66##::영양정보
311 20 311 48 334 20 334 48##::총
339 21 339 47 400 21 400 47##::내용량
406 21 406 50 504 21 504 50##::70 g(35 g
507 27 507 42 520 27 520 42##::x
523 20 523 48 585 20 585 48##::2봉지)
358 47 358 70 490 47 490 70##::1봉지(35 g)당
496 50 496 71 587 50 587 71##::186 kcal
22 78 22 104 81 78 81 104##::나트륨
90 78 90 106 163 78 163 106##::110 mg
170 78 170 104 208 78 208 104##::6 %
254 79 254 107 335 79 335 107##::탄수화물
343 80 343 106 387 80 387 106##::22 g
392 80 392 105 433 80 433 105##::7 %
457 79 457 106 496 79 496 106##::당류
504 81 504 108 535 81 535 108##::9 g
542 81 542 107 583 81 583 107##::9 %
23 110 23 137 61 110 61 137##::지방
69 111 69 137 111 111 111 137##::10 g
119 112 119 137 170 112 170 137##::19 %
209 112 209 137 311 112 311 137##::트랜스지방
317 113 317 138 349 113 349 138##::0 g
386 113 386 138 467 113 467 138##::포화지방
473 114 473 140 524 114 524 140##::4.9 g
530 112 530 139 581 112 581 139##::33 %
22 141 22 169 120 141 120 169##::콜레스테롤
128 141 128 169 218 141 218 169##::5 mg미만
225 144 225 169 265 144 265 169##::1 %
285 144 285 170 343 144 343 170##::단백질
351 145 351 172 382 145 382 172##::2 g
389 146 389 169 427 146 427 169##::4 %
23 177 23 200 53 177 53 200##::1일
60 177 60 202 137 177 137 202##::영양성분
143 178 143 202 223 178 223 202##::기준치에
229 178 229 202 270 178 270 202##::대한
274 178 274 205 365 178 365 205##::비율(%)은
373 179 373 205 479 179 479 205##::2,000 kcal
485 180 485 206 581 180 581 206##::기준이므로
21 202 21 227 79 202 79 227##::개인의
86 204 86 228 184 204 184 228##::필요열량에
190 203 190 228 229 203 229 228##::따라
236 205 236 229 276 205 276 229##::다를
282 205 282 229 301 205 301 229##::수
308 206 308 231 393 206 393 231##::있습니다.
