22 33 22 79 161 33 161 79##::영양정보
192 23 192 57 215 23 215 57##::총
224 23 224 58 294 23 294 58##::내용량
301 22 301 58 358 22 358 58##::453g
190 62 190 95 270 62 270 95##::100g당
274 62 274 93 357 62 357 93##::28 kcal
25 102 25 133 81 102 81 133##::100g당
101 102 101 133 127 102 127 133##::1일
133 103 133 133 201 103 201 133##::영양성분
208 103 208 133 276 103 276 133##::기준치에
281 102 281 132 314 102 314 132##::대한
321 102 321 130 356 102 356 130##::비율
31 141 31 179 114 141 114 179##::나트륨
124 142 124 181 217 142 217 181##::530mg
293 141 293 177 355 141 355 177##::27%
31 190 31 226 143 190 143 226##::탄수화물
154 190 154 228 188 190 188 228##::7g
312 187 312 224 353 187 353 224##::2%
61 234 61 272 114 234 114 272##::당류
124 235 124 274 159 235 159 274##::3g
312 235 312 269 353 235 353 269##::3%
33 282 33 319 85 282 85 319##::지방
97 281 97 320 130 281 130 320##::0g
313 279 313 316 353 279 353 316##::0%
59 326 59 363 201 326 201 363##::트랜스지방
211 326 211 365 245 326 245 365##::0g
60 370 60 408 171 370 171 408##::포화지방
181 372 181 411 217 372 217 411##::0g
312 373 312 407 355 373 355 407##::0%
30 418 30 458 172 418 172 458##::콜레스테롤
182 419 182 458 243 419 243 458##::0mg
313 420 313 456 356 420 356 456##::0%
30 466 30 504 113 466 113 504##::단백질
135 466 135 507 168 466 168 507##::0g
313 468 313 504 357 468 357 504##::0%
24 514 24 543 47 514 47 543##::1일
51 516 51 541 107 516 107 541##::영양성분
112 515 112 542 169 515 169 542##::기준치에
174 515 174 542 202 515 202 542##::대한
206 515 206 543 272 515 272 543##::비율(%)은
276 515 276 542 342 515 342 542##::2,000kcal
345 514 345 540 359 514 359 540##::기
25 544 25 572 81 544 81 572##::준이므로
85 544 85 572 128 544 128 572##::개인의
131 544 131 573 161 544 161 573##::필요
166 546 166 572 209 546 209 572##::열량에
213 545 213 572 242 545 242 572##::따라
247 544 247 572 274 544 274 572##::다를
281 544 281 572 294 544 294 572##::수
298 544 298 571 359 544 359 571##::있습니다.
