17 14 17 76 146 14 146 76##::영양정보
169 12 169 42 188 12 188 42##::총
192 11 192 42 240 11 240 42##::내용량
244 12 244 40 300 12 300 40##::190 ml
212 43 212 79 298 43 298 79##::60 kcal
19 87 19 119 41 87 41 119##::총
45 88 45 122 122 88 122 122##::내용량당
212 85 212 108 236 85 236 108##::1일
239 83 239 107 294 83 294 107##::영양성분
173 109 173 135 232 109 232 135##::기준치에
235 108 235 134 264 108 264 134##::대한
268 108 268 133 295 108 295 133##::비율
17 136 17 183 88 136 88 183##::나트륨
98 139 98 183 176 139 176 183##::33 mg
243 139 243 176 293 139 293 176##::2 %
15 187 15 231 112 187 112 231##::탄수화물
122 191 122 233 177 191 177 233##::15 g
244 189 244 226 294 189 294 226##::5 %
26 237 26 281 76 237 76 281##::당류
86 238 86 283 139 238 139 283##::15 g
231 240 231 277 296 240 296 277##::15 %
13 287 13 329 64 287 64 329##::지방
70 288 70 332 112 288 112 332##::0 g
248 287 248 326 297 287 297 326##::0 %
26 337 26 381 148 337 148 381##::트랜스지방
153 339 153 383 195 339 195 383##::0 g
29 388 29 429 122 388 122 429##::포화지방
130 390 130 430 170 390 170 430##::0 g
244 386 244 426 299 386 299 426##::0 %
15 433 15 480 135 433 135 480##::콜레스테롤
141 438 141 482 208 438 208 482##::0 mg
245 437 245 476 296 437 296 476##::0 %
14 485 14 529 87 485 87 529##::단백질
93 485 93 532 135 485 135 532##::0 g
248 486 248 525 298 486 298 525##::0 %
12 537 12 562 33 537 33 562##::1일
36 539 36 563 84 539 84 563##::영양성분
88 538 88 563 137 538 137 563##::기준치에
141 539 141 563 166 539 166 563##::대한
169 538 169 562 231 538 231 562##::비율(%)은
235 537 235 562 300 537 300 562##::2,000 kcal
12 562 12 589 72 562 72 589##::기준이므로
74 564 74 590 110 564 110 590##::개인의
115 564 115 591 138 564 138 591##::필요
143 567 143 591 178 567 178 591##::열량에
182 565 182 590 205 565 205 590##::따라
208 565 208 590 232 565 232 590##::다를
237 564 237 590 248 564 248 590##::수
250 563 250 590 303 563 303 590##::있습니다.
