78 18 78 58 203 18 203 58##::영양정보
77 64 77 93 100 64 100 93##::총
108 62 108 94 176 62 176 94##::내용량
182 62 182 94 304 62 304 94##::306 g(17 g
308 67 308 91 325 67 325 91##::x
79 95 79 126 220 95 220 126##::1봉지(17 g)당
227 94 227 124 312 94 312 124##::84 kcal
77 135 77 161 127 135 127 161##::1봉지
135 135 135 162 155 135 155 162##::당
256 134 256 161 285 134 285 161##::1일
294 136 294 161 374 136 374 161##::영양성분
201 161 201 187 281 161 281 187##::기준치에
288 160 288 187 327 160 327 187##::대한
333 161 333 187 374 161 374 187##::비율
409 144 409 176 498 144 498 176##::100 g당
77 196 77 226 141 196 141 226##::나트륨
150 197 150 229 235 197 235 229##::100 mg
327 195 327 227 373 195 373 227##::5 %
385 197 385 226 521 197 521 226##::600mg30 %
75 239 75 270 166 239 166 270##::탄수화물
177 238 177 271 222 238 222 271##::11 g
326 241 326 269 374 241 374 269##::3 %
384 237 384 273 439 237 439 273##::65 g
468 238 468 270 524 238 524 270##::20 %
91 282 91 314 138 282 138 314##::당류
145 282 145 315 181 282 181 315##::2 g
325 281 325 312 373 281 373 312##::2 %
388 283 388 315 438 283 438 315##::10 g
470 282 470 311 524 282 524 311##::10 %
75 326 75 356 119 326 119 356##::지방
127 325 127 358 181 325 181 358##::4.1 g
324 326 324 356 372 326 372 356##::8 %
385 328 385 358 435 328 435 358##::24 g
465 326 465 356 523 326 523 356##::44 %
92 367 92 399 204 367 204 399##::트랜스지방
211 366 211 401 311 366 311 401##::0.5 g미만
385 370 385 401 443 370 443 401##::0.5 g
92 412 92 441 182 412 182 441##::포화지방
188 412 188 443 224 412 224 443##::2 g
314 413 314 443 372 413 372 443##::13 %
385 412 385 445 437 412 437 445##::12 g
466 412 466 443 524 412 524 443##::80 %
74 455 74 487 248 455 248 487##::콜레스테롤0 mg
325 454 325 485 370 454 370 485##::0 %
382 454 382 488 444 454 444 488##::0 mg
479 456 479 485 523 456 523 485##::0 %
72 498 72 529 142 498 142 529##::단백질
150 498 150 529 232 498 232 529##::1 g미만
324 499 324 528 371 499 371 528##::2 %
385 500 385 530 420 500 420 530##::5 g
479 497 479 529 524 497 524 529##::9 %
78 540 78 560 103 540 103 560##::1일
108 540 108 561 166 540 166 561##::영양성분
170 540 170 560 228 540 228 560##::기준치에
234 541 234 560 263 541 263 560##::대한
268 540 268 561 338 540 338 561##::비율(%)은
343 542 343 562 421 542 421 562##::2,000 kcal
425 542 425 562 500 542 500 562##::기준이므로
78 562 78 580 123 562 123 580##::개인의
129 560 129 581 157 560 157 581##::필요
162 561 162 582 206 561 206 582##::열량에
210 561 210 583 240 561 240 583##::따라
245 561 245 583 273 561 273 583##::다를
279 562 279 583 293 562 293 583##::수
298 563 298 584 360 563 360 584##::있습니다.
