18 26 18 64 135 26 135 64##::영양정보
312 18 312 45 333 18 333 45##::총
340 20 340 46 401 20 401 46##::내용량
408 20 408 46 506 20 506 46##::64 g(32g
510 25 510 40 522 25 522 40##::x
527 20 527 47 586 20 586 47##::2봉지)
358 46 358 74 492 46 492 74##::1봉지(32 g)당
501 47 501 73 587 47 587 73##::164 kcal
23 80 23 107 86 80 86 107##::나트륨
95 80 95 108 172 80 172 108##::190 mg
180 81 180 106 232 81 232 106##::10 %
252 80 252 107 336 80 336 107##::탄수화물
344 80 344 108 387 80 387 108##::21 g
394 79 394 106 435 79 435 106##::6 %
456 80 456 107 497 80 497 107##::당류
504 81 504 109 536 81 536 109##::3 g
543 80 543 106 582 80 582 106##::3 %
22 114 22 140 64 114 64 140##::지방
71 114 71 140 105 114 105 140##::8 g
113 113 113 139 165 113 165 139##::15 %
207 113 207 139 310 113 310 139##::트랜스지방
317 113 317 140 351 113 351 140##::0 g
384 114 384 139 466 114 466 139##::포화지방
473 114 473 141 524 114 524 141##::3.7 g
531 114 531 138 583 114 583 138##::25 %
23 146 23 173 127 146 127 173##::콜레스테롤
133 145 133 174 187 145 187 174##::0 mg
194 145 194 173 234 145 234 173##::0 %
250 145 250 173 313 145 313 173##::단백질
318 147 318 173 351 147 351 173##::2 g
357 147 357 172 398 147 398 172##::4 %
23 182 23 206 56 182 56 206##::1일
63 184 63 207 141 184 141 207##::영양성분
147 182 147 206 226 182 226 206##::기준치에
232 181 232 206 272 181 272 206##::대한
278 182 278 207 369 182 369 207##::비율(%)은
376 181 376 205 477 181 477 205##::2,000 kcal
484 181 484 204 581 181 581 204##::기준이므로
23 208 23 232 83 208 83 232##::개인의
89 208 89 232 187 208 187 232##::필요열량에
193 208 193 232 233 208 233 232##::따라
239 208 239 232 279 208 279 232##::다를
284 208 284 232 304 208 304 232##::수
310 208 310 232 394 208 394 232##::있습니다.
